# Wavelength_Solis (nm), Spectrum_Andor_Solis
400.0 -0.004812319538017325
400.59821 0.0010750926627485513
401.19641 0.007075133618659513
401.79462 0.002467593635451437
402.39282 -0.000675772530870518
402.99103 0.0037167489197878485
403.58923 0.012808961153318452
404.18744 -0.002344725902565888
404.78564 -0.00039932013187803333
405.38385 0.005918129133987263
405.98206 0.013832858927364692
406.58026 0.009829418630843896
407.17847 0.004535867139024839
407.77667 0.004259414740032355
408.37488 -0.0004607539983208077
408.97308 -0.006706530420002867
409.57129 0.008744086990354883
410.16949 0.006614379620338706
410.7677 0.005170683758933508
411.36591 0.005078532959269346
411.96411 -0.001750865193619069
412.56232 -0.0005836217312063563
413.16052 0.0054880920688878424
413.75873 0.0074846927282780085
414.35693 -0.010167304896279155
414.95514 0.011375504269653718
415.55334 -0.0018327770155427683
416.15155 0.007955685704339278
416.74976 0.003276472876947966
417.34796 0.004095591096184957
417.94617 0.008641697212950258
418.54437 0.003010259455695943
419.14258 0.010945467204554298
419.74078 0.005406180246964144
420.33899 -0.0006040996866872811
420.93719 0.009174124055454305
421.5354 0.01754960784715254
422.13361 -0.006256015399422522
422.73181 -0.0006143386644277435
423.33002 0.0023652038580468126
423.92822 0.004146785984887269
424.52643 0.0036962709643069236
425.12463 0.00500686011508611
425.72284 0.008672414146171648
426.32104 0.008979583478385518
426.91925 -0.00030716933221387174
427.51746 0.004034157229742183
428.11566 -0.00141297892818381
428.71387 -0.0026621342125202224
429.31207 0.001095570618229476
429.91028 -0.0010648536850080888
430.50848 0.00445395531710114
431.10669 0.01146765506931788
431.7049 0.0004914709315421949
432.3031 0.002785001945405771
432.90131 0.013986443593471629
433.49951 0.014774844879487232
434.09772 0.00667581348678148
434.69592 0.010832838449409212
435.29413 0.007382302950873385
435.89233 0.013464255728708047
436.49054 0.00620482051072021
437.08875 0.001873732926504618
437.68695 0.008139987303667603
438.28516 0.009686072942477425
438.88336 0.00286691376732947
439.48157 0.006358405176827146
440.07977 0.016546188028587226
440.67798 0.007238957262506912
441.27618 0.010904511293592448
441.87439 0.0072082403292855245
442.4726 0.01091475027133291
443.0708 0.01002395920791268
443.66901 0.006778203264186104
444.26721 0.014211701103761801
444.86542 0.009450576454446788
445.46362 0.013781664038662381
446.06183 0.010904511293592448
446.66003 0.01014682694079823
447.25824 0.00919460201093523
447.85645 0.010413040362050253
448.45465 0.013965965637990704
449.05286 0.0061536256220178975
449.65106 0.001382261994962423
450.24927 0.012122949644707472
450.84744 0.017181004648495896
451.44565 0.012358446132738107
452.04385 0.02182950054266582
452.64206 0.011805541334753138
453.24026 0.011109290848401695
453.83847 0.019935289660680276
454.43668 0.02054962832510802
455.03488 0.00847787356910286
455.63309 0.015686113898388386
456.23129 0.021430180410787786
456.8295 0.030266418200806833
457.4277 0.011324309380951407
458.02591 0.022576945917719575
458.62411 0.024368767022300494
459.22232 0.02104109925665022
459.82053 0.0226793356951242
460.41873 0.02215714783036062
461.01694 0.01706837589335081
461.61514 0.01879876313148895
462.21335 0.017355067270083756
462.81155 0.017559846824893
463.40976 0.0275530890995843
464.00797 0.0177236704687404
464.60617 0.027368787500255974
465.20438 0.030061638645997583
465.80258 0.025136690352835174
466.40079 0.031310793930333994
466.99899 0.025751029017262915
467.5972 0.02323224049310917
468.1954 0.019034259619519586
468.79361 0.0317715479286548
469.39182 0.030675977310425328
469.99002 0.02365203858046813
470.58823 0.028003604120164644
471.18643 0.03571355435873283
471.78464 0.03791493457293224
472.38284 0.027747629676653084
472.98105 0.028177666741752504
473.57925 0.04099686687281142
474.17746 0.030706694243646714
474.77567 0.03521184444945017
475.37387 0.04987406057379232
475.97208 0.03563164253680912
476.57028 0.03904122212438311
477.16849 0.055648844019413106
477.76669 0.0437511518849958
478.3649 0.04675117236295128
478.9631 0.04561464583375996
479.56131 0.04675117236295128
480.15952 0.04315729117604898
480.75772 0.04301394548768251
481.35593 0.04908565928777671
481.95413 0.055700038908115417
482.55234 0.059887780803964535
483.15054 0.05862838654188766
483.74875 0.04796961071406631
484.34695 0.06784346650830382
484.94516 0.055474781397825246
485.54337 0.059007228718284774
486.14157 0.0570106280588946
486.73978 0.05379558904838941
487.33798 0.04691499600679868
487.93619 0.06296971310384371
488.53439 0.060584031290315976
489.1326 0.06974791636802982
489.7308 0.07316773493334425
490.32901 0.059416787827903265
490.92722 0.06317449265865296
491.52542 0.06906190485941884
492.12363 0.06136219359859112
492.72183 0.07176499498290091
493.32004 0.06954313681322057
493.91824 0.0779186206049188
494.51645 0.07835889664775869
495.11465 0.0816456085024471
495.71286 0.07685376691991072
496.31107 0.07674113816476563
496.90927 0.08297667560870724
497.50748 0.09697335817991931
498.10568 0.08340671267380664
498.70389 0.0900620482051072
499.30209 0.09929760612700429
499.9003 0.09109618495689391
500.4985 0.09382999201359736
501.09671 0.10091536460999734
501.69492 0.09283681117277251
502.29312 0.09536583867466672
502.89133 0.10448876784141871
503.48953 0.0988061351954621
504.08774 0.09945119079311121
504.68594 0.1089324841807794
505.28415 0.10058771732230254
505.88235 0.10937276022361928
506.48056 0.11273114492249094
507.07877 0.10615772121311409
507.67697 0.11266971105604817
508.27518 0.11390862736264412
508.87338 0.11481989638154527
509.47159 0.10564577232609097
510.06979 0.1307927016566666
510.668 0.11553662482337763
511.2662 0.1189257264554707
511.86441 0.1142362746503389
512.46259 0.11789158970368399
513.06079 0.12519198083263366
513.659 0.12222267728789958
514.2572 0.12418856101406836
514.85541 0.12217148239919726
515.45361 0.1355538263059816
516.05182 0.13061863903507873
516.65002 0.12090184915937993
517.24823 0.13078246267892615
517.84644 0.13371081031269838
518.44464 0.13642413941392093
519.04285 0.12862203837568859
519.64105 0.1294616345504065
520.23926 0.13242069911740015
520.83746 0.13918866340384575
521.43567 0.14555730755841337
522.03387 0.14711363217496368
522.63208 0.14439006409600066
523.23029 0.14287469539041223
523.82849 0.15169045522495034
524.4267 0.14619212417832203
525.0249 0.15236622775582087
525.62311 0.14576208711322264
526.22131 0.1533594085966457
526.81952 0.1545880859255012
527.41772 0.15862224315524337
528.01593 0.15706591853869312
528.61414 0.1620727786537792
529.21234 0.1678987569881023
529.81055 0.17561894620441096
530.40875 0.16754039276718613
531.00696 0.17507628038416645
531.60516 0.19089550099318084
532.20337 0.1922675240104028
532.80157 0.17253701390453177
533.39978 0.1934040505395941
533.99799 0.18971801855302767
534.59619 0.1883767124690271
535.1944 0.19484774640099933
535.7926 0.19241086969876928
536.39081 0.1993426576290623
536.98901 0.19388528249339587
537.58722 0.19437675342493807
538.18542 0.20146212602133803
538.78363 0.21259189482522065
539.38184 0.20929494399279178
539.98004 0.21853050191468884
540.57825 0.21080007372063975
541.17645 0.21756803800708538
541.77466 0.22094690066143796
542.37286 0.22645547068580674
542.97107 0.2147318411729773
543.56927 0.21392296193148078
544.16748 0.2208547498617738
544.76569 0.2272029160608605
545.36389 0.23958184014907954
545.9621 0.2314520918231524
546.5603 0.24527471177277663
547.15851 0.24189584911842402
547.75671 0.24327811111338643
548.35492 0.25653758728728526
548.95312 0.24523375586181476
549.55133 0.2511826019290234
550.14954 0.24969795015665638
550.74774 0.2504249175762292
551.34595 0.25144881535027547
551.94415 0.2694591771957488
552.54236 0.2624864333544939
553.14056 0.27390289353510944
553.73877 0.27419982388958286
554.33698 0.28144902012983025
554.93518 0.2722646570966355
555.53339 0.2849712284725493
556.13159 0.2940634407060799
556.7298 0.2834046648782586
557.328 0.2944729998156984
557.92621 0.30268465996354926
558.52441 0.30070853725964003
559.12262 0.2989679110437614
559.72083 0.3096881207380255
560.31903 0.3102410255360105
560.91724 0.33282821043147054
561.51544 0.32480085188294805
562.11365 0.326572195032048
562.71185 0.33980095427272544
563.31006 0.3361661171748613
563.90826 0.3435484201257346
564.50647 0.3374152724591977
565.10468 0.36209120881371204
565.70288 0.3557737595478468
566.30109 0.36644277435340855
566.89929 0.3616611717486127
567.4975 0.3713779616243114
568.0957 0.37648721151680214
568.69391 0.37665103516064957
569.29211 0.3850367579300883
569.89032 0.39435422767390904
570.48853 0.39820408330432294
571.08673 0.3937091720762599
571.68494 0.3832039809145455
572.28314 0.4089857268650298
572.88135 0.4000266213421252
573.47955 0.40707103802756334
574.07776 0.41638850777138414
574.67596 0.40914955050887725
575.27417 0.4244568222308685
575.87238 0.4175967071447587
576.47058 0.42347388036778405
577.06879 0.4161837282165749
577.66699 0.4285626523047939
578.2652 0.4291565130137407
578.8634 0.4282350050170991
579.46161 0.4179243544324535
580.05981 0.44378801220486147
580.65802 0.4403477156840661
581.25623 0.42892101652571013
581.85443 0.4341736121065673
582.45264 0.4439927917596707
583.05084 0.4343988696168575
583.64905 0.43644666516494995
584.24725 0.4517334589314603
584.84546 0.44616345504064875
585.44366 0.4425900518092274
586.04187 0.45117031515573486
586.64008 0.45059693240226895
587.23828 0.45070956115741406
587.83649 0.45223516884074294
588.43469 0.4671635983863371
589.0329 0.463794974709725
589.6311 0.45378125447955275
590.22931 0.47235476010075156
590.82751 0.47045031024102557
591.42572 0.47348104765220245
592.02393 0.4669588188315279
592.62213 0.4849077468105584
593.22034 0.4848463129441156
593.81854 0.48787705035529255
594.41675 0.48711936600249833
595.01495 0.49414330473245555
595.61316 0.4903139270575226
596.21136 0.4972457149878156
596.80957 0.5031945610550242
597.40778 0.5053959412692237
598.00598 0.5083959617471792
598.60419 0.5212458788114595
599.20239 0.5163004525628161
599.8006 0.5274302213666988
600.3988 0.5288329613171421
600.99701 0.5378125447955276
601.59521 0.5384883173263981
602.19342 0.5445395531710114
602.79163 0.5448876784141871
603.38983 0.5460651608543404
603.98804 0.5511232158581287
604.58624 0.543955931439805
605.18445 0.5596010894272315
605.78265 0.5622632236397518
606.38086 0.5676694038867159
606.97906 0.5682837425511437
607.57727 0.5731779739110847
608.17548 0.5727581758237258
608.77368 0.5714475866729466
609.37189 0.5879732967460529
609.97009 0.5885671574549998
610.5683 0.5902975446931379
611.1665 0.5887207421211067
611.76471 0.6009665594986997
612.36292 0.5896729670509696
612.96112 0.598294186308439
613.55933 0.6144922490938505
614.15753 0.606618475211435
614.75574 0.603987057932136
615.35394 0.6195707820531199
615.95215 0.6037310834886245
616.55035 0.6283353469989557
617.14856 0.6122396739909488
617.74677 0.6108369340405054
618.34497 0.609853992177421
618.94318 0.6099666209325662
619.54138 0.6170007986402638
620.13959 0.6224888907091517
620.73779 0.615854033133332
621.336 0.61137959986075
621.9342 0.6145843998935147
622.53241 0.5937173632584523
623.13062 0.6143898593164459
623.72882 0.6004136547007147
624.32703 0.6034955870005938
624.92523 0.5996047754592182
625.52344 0.6074990272971147
626.12164 0.5953351217414454
626.71985 0.5999426617246535
627.31805 0.6123727807015749
627.91626 0.60075154096615
628.51447 0.6130690311879262
629.11267 0.6053181250383962
629.71088 0.6024307333155858
630.30908 0.6077550017406262
630.90729 0.5919460201093523
631.50549 0.6073147256977863
632.1037 0.6172465341060349
632.7019 0.6139086273626442
633.30011 0.6190281162328753
633.89832 0.617072471484447
634.49652 0.6069256445436487
635.09473 0.6156185366453013
635.69293 0.6259803821186493
636.29114 0.614748223537362
636.88934 0.6304240984580101
637.48755 0.6324104601396596
638.08575 0.6466835951098643
638.68396 0.6330043208486065
639.28217 0.6344172997767903
639.88037 0.651639260336248
640.47858 0.6595539901296255
641.07678 0.6593594495525568
641.67499 0.6722912784387607
642.27319 0.678322036327893
642.8714 0.6766121270452359
643.4696 0.6891139188663403
644.06781 0.7178649683615588
644.66602 0.7053119816517519
645.26422 0.7124997440255565
645.86243 0.7120287510494953
646.46063 0.7285647001003419
647.05884 0.726946941617349
647.65704 0.7240595498945385
648.25525 0.7376876292670941
648.85345 0.7390801302397969
649.45166 0.7531382466774517
650.04987 0.7614625355804477
650.64807 0.7655274097434112
651.24628 0.7688960334200234
651.84448 0.7649745049454263
652.44269 0.7744967542440563
653.04089 0.7867835275326112
653.6391 0.7734933344254911
654.2373 0.7764523989924846
654.83551 0.7857493907808244
655.43372 0.7909610304507199
656.03192 0.7923228144902014
656.63013 0.8002989781500215
657.22833 0.8119714127741486
657.82654 0.7931214547539575
658.42474 0.7890975365019556
659.02295 0.7897425920996047
659.62115 0.7953433129236377
660.21936 0.7892511211680626
660.81757 0.7982307046464482
661.41577 0.7931112157762169
662.01398 0.7834558597669609
662.61218 0.7844183236745643
663.21039 0.7970737001617759
663.80859 0.7834660987447013
664.4068 0.7957938279442182
665.005 0.785053140294473
665.60321 0.8091249769623001
666.20142 0.7911760489832695
666.79962 0.8013945487682511
667.39783 0.799336514242418
667.99603 0.7987528925112117
668.59424 0.8037699916040383
669.19244 0.8017733909446481
669.79065 0.8145004402760428
670.38885 0.7987938484221735
670.98706 0.8087358958081625
671.58527 0.8028484836073967
672.18347 0.8226813834906723
672.78168 0.8164458460467308
673.37988 0.8180533655519834
673.97809 0.8213503163844121
674.57629 0.8277189605389798
675.1745 0.8257940327237728
675.77271 0.8250261093932382
676.37091 0.8359920545532734
676.96912 0.8334118321626769
677.56732 0.8482583498863474
678.16553 0.8402002744046035
678.76373 0.8514836278745931
679.36194 0.8427293019064976
679.96014 0.8403640980484509
680.55835 0.8478283128212479
681.15656 0.8557020867036635
681.75476 0.8525382425818606
682.35297 0.8489853173059202
682.95117 0.8651219462248889
683.54938 0.8619069072143837
684.14758 0.8598079167775889
684.74579 0.8597874388221081
685.34399 0.8689410849220813
685.9422 0.8669035283517293
686.54041 0.8570331538099236
687.13861 0.8646509532488277
687.73682 0.8700776114512727
688.33502 0.8796305776831241
688.93323 0.8755964204533819
689.53143 0.8890197202711282
690.12964 0.8774496754244057
690.72784 0.8765281674277641
691.32605 0.8664632523088895
691.92426 0.8776339770237339
692.52246 0.877500870313108
693.12067 0.8746953904122212
693.71887 0.8864804537914934
694.31708 0.8905248499989762
694.91528 0.8880060614748223
695.51349 0.8951323899821843
696.11169 0.8879036716974177
696.7099 0.8987160321913461
697.30811 0.9003235516965986
697.90631 0.9067638686953495
698.50452 0.9201769295353552
699.10272 0.9169721295025905
699.70093 0.9047672680359593
700.29913 0.9165420924374911
700.89734 0.9176274240779801
701.49554 0.9306002088751459
702.09375 0.9340917002846436
702.69196 0.9199619110028056
703.29016 0.939702660086417
703.88837 0.9290950791472979
704.48657 0.941474003235517
705.08478 0.9460917821964655
705.68298 0.9496651854278869
706.28113 0.9579382794421806
706.87933 0.950996252534147
707.47754 0.968668728114185
708.07574 0.9763889173304938
708.67395 0.9630577683124117
709.27216 0.9702455306862163
709.87036 0.9624741465812053
710.46857 0.9831056867282371
711.06677 0.9715765977924764
711.66498 0.9932934695799972
712.26318 0.9870476931583151
712.86139 0.9906620523006983
713.45959 0.9840476726803596
714.0578 0.9855323244527266
714.65601 0.9857268650297955
715.25421 1.0
715.85242 0.9836688305039626
716.45062 0.9802182950054267
717.04883 0.9812933876681752
717.64703 0.9724366719226752
718.24524 0.9783138451457007
718.84344 0.9745663792926915
719.44165 0.98162103495587
720.03986 0.9715765977924764
720.63806 0.985143243298589
721.23627 0.9682796469600475
721.83447 0.9517948927979031
722.43268 0.9547539573648968
723.03088 0.9538222103905146
723.62909 0.9620031536051441
724.22729 0.949798292138513
724.8255 0.9269448938218008
725.42371 0.921477279708394
726.02191 0.9278459238629616
726.62012 0.9029549689758974
727.21832 0.90743964122622
727.81653 0.906241680830586
728.41473 0.8917228103946102
729.01294 0.8941494481190998
729.61115 0.8876784141871277
730.20935 0.8690434746994861
730.80756 0.8730981098847092
731.40576 0.8615792599266889
732.00397 0.8691049085659288
732.60217 0.8572584113202139
733.20038 0.8615280650379866
733.79858 0.8487293428624086
734.39679 0.8573198451866565
734.995 0.8591935781131612
735.5932 0.8531832981795098
736.19141 0.8520570106280588
736.78961 0.8386951446767555
737.38782 0.8497430016587144
737.98602 0.8322138717670428
738.58423 0.8466303524256139
739.18243 0.8496815677922717
739.78064 0.8464255728708046
740.37885 0.8567771793664121
740.97705 0.8543710195974034
741.57526 0.8406712673806647
742.17346 0.8480023754428359
742.77167 0.8386541887657937
743.36987 0.8506952265885774
743.96808 0.8446439907439641
744.56628 0.8501423217905925
745.16449 0.8609342043290399
745.7627 0.8540024163987469
746.3609 0.8674666721274549
746.95911 0.8637396842299265
747.55731 0.8622755104130404
748.15552 0.8721970798435484
748.75372 0.885118669752012
749.35193 0.8807875821677964
749.95013 0.8947637867835275
750.54834 0.90389695492802
751.14655 0.8878934327196772
751.74475 0.9123953064526038
752.34296 0.9075317920258842
752.94116 0.9244056273421662
753.53937 0.9283681117277252
754.13757 0.9300575430549014
754.73578 0.9331906702434829
755.33398 0.9378801220486147
755.93219 0.9524194704400714
756.5304 0.928275960928061
757.1286 0.9468187496160384
757.72681 0.9387606741342945
758.32501 0.9601396596563799
758.92322 0.9560133516269737
759.52142 0.9645628980402596
760.11963 0.9779657199025249
760.71783 0.9596072328138759
761.31604 0.9612454692523498
761.91425 0.9743001658714394
762.51245 0.9707677185509799
763.11066 0.9702762476194376
763.70886 0.9942047385988984
764.30707 0.9761431818647227
764.90527 0.9871500829357197
765.50348 0.9936518338009134
766.10168 0.9768291933733336
766.69989 0.9921671820285463
767.2981 0.9839248049474741
767.8963 0.9816312739336105
768.49451 0.9811500419798088
769.09271 0.979337742919747
769.69092 0.9629041836463047
770.28912 0.9812319538017326
770.88733 0.9725595396555609
771.48553 0.9619621976941822
772.08374 0.9608359101427314
772.68195 0.957835889664776
773.28015 0.9564638666475539
773.87836 0.9448733438453506
774.47656 0.9353510945467205
775.07477 0.9426105297647084
775.67297 0.9388630639116992
776.27118 0.9321974894026581
776.86938 0.9271906292875719
777.46759 0.923647942989372
778.0658 0.9305899698974055
778.664 0.934122417217865
779.26221 0.9118526406323594
779.86041 0.9316957794933755
780.45862 0.9158458419511396
781.05682 0.9129174943173674
781.65503 0.9112178240124507
782.25323 0.9124465013413061
782.85144 0.9027501894210882
783.44965 0.901439600270309
784.04785 0.8950402391825201
784.64606 0.8856613355722565
785.24426 0.880511129768804
785.84247 0.8795896217721623
786.44067 0.8868592959678906
787.03888 0.8785554850203755
787.63708 0.8616611717486126
788.23529 0.8553232445272665
788.8335 0.8626236356562161
789.4317 0.8564802490119386
790.02991 0.8407941351135503
790.62811 0.8461798374050334
791.22632 0.8341899944709521
791.82452 0.8444392111891549
792.42273 0.8164151291135093
793.02094 0.824381053795589
793.61914 0.8190260684373272
794.21735 0.8312718858149203
794.81555 0.8197120799459383
795.41376 0.809718837671247
796.01196 0.8026744209858089
796.61017 0.8105789118014457
797.20837 0.7994081870866013
797.80658 0.79650031740831
798.40479 0.7948313640366146
799.00299 0.7930088259988123
799.6012 0.7883500911269019
800.1994 0.7807527696434788
800.79761 0.758790162390187
801.39581 0.7553396268916512
801.99402 0.7466979296787009
802.59222 0.7503634837097864
803.19043 0.736182499539246
803.78864 0.7376364343783917
804.38684 0.7331517621280691
804.98505 0.7057010628058895
805.58325 0.7073392992443636
806.18146 0.704052587389675
806.77966 0.6949808531116254
807.37787 0.6779329551737555
807.97607 0.6903323572174555
808.57428 0.6642843978457191
809.17249 0.653584666106936
809.77069 0.6403661458439989
810.3689 0.6409907234861671
810.9671 0.6287653840640551
811.56531 0.6195503040976389
812.16351 0.6121680011467655
812.76172 0.6034136751786702
813.35992 0.6185571232568141
813.95813 0.5915876558884361
814.55634 0.5935433006368644
815.15454 0.5867036635062356
815.75275 0.5821780353449512
816.35095 0.572563635246657
816.94916 0.5730141502672373
817.54736 0.5783486576700183
818.14557 0.5688776032600905
818.74377 0.5735363381320009
819.34198 0.5734749042655581
819.94019 0.5672393668216166
820.53839 0.5754407879917269
821.1366 0.5689492761042737
821.7348 0.5795773349988737
822.33301 0.5832736059631807
822.93121 0.5949562795650483
823.52942 0.6002703090123482
824.12762 0.591741240554543
824.72583 0.5873384801261442
825.32404 0.5927753773063298
825.92224 0.5961747179161633
826.52045 0.6109802797288719
827.11865 0.6035058259783344
827.71686 0.5993897569266684
828.31506 0.6035365429115558
828.91327 0.6032805684680442
829.51147 0.6081952777834662
830.10968 0.6010279933651425
830.70789 0.5959699383613539
831.30609 0.5995331026150349
831.9043 0.6008129748325927
832.5025 0.6041099256650216
833.10071 0.5872258513709991
833.69891 0.5866627075952737
834.29712 0.5815841746360043
834.89532 0.5863555382630598
835.49353 0.569573853746442
836.09174 0.547252882272234
836.68994 0.5529867098068929
837.28815 0.548758012000082
837.88635 0.5489935084881125
838.48456 0.5319046546392808
839.08276 0.5421129154465218
839.68097 0.521501853254971
840.27917 0.4990989699588393
840.87738 0.4796346732742203
841.47559 0.5064505559764914
842.07379 0.4825015870415498
842.672 0.4422009706550898
843.2702 0.43775725431572915
843.86841 0.4099584297503737
844.46661 0.40339524501873736
845.06482 0.3853644052177831
845.66302 0.3555075461265947
846.26123 0.3523744189380132
846.85944 0.33115925705977517
847.45764 0.3193946716359839
848.05585 0.30350377818278623
848.65405 0.2908074457846129
849.25226 0.3012102471689227
849.85046 0.28350705465566317
850.44867 0.2760940347715684
851.04688 0.283015583724121
851.64508 0.2823910060819528
852.24329 0.2769745868572482
852.84149 0.27295066860524647
853.4397 0.26439088321421994
854.0379 0.28016914791227243
854.63611 0.2705342698584974
855.23431 0.28055822906641004
855.83252 0.27518276575266726
856.43073 0.28050703417770767
857.02893 0.2644216001474413
857.62714 0.2645342289025864
858.22534 0.2710564577232609
858.82355 0.26847623533266435
859.42175 0.26873220977617596
860.01996 0.2740769561566973
860.61816 0.2670530174267401
861.21637 0.27246943665144474
861.81458 0.27635000921507996
862.41278 0.26743185960313726
863.01099 0.2717322302541314
863.60919 0.26815882702271004
864.2074 0.2703294903036881
864.8056 0.26410419183748696
865.40381 0.2663874838736101
866.00201 0.26284479757541007
866.60022 0.25895398603403436
867.19843 0.25811438985931645
867.79663 0.25240104028013843
868.39484 0.25917924354432453
868.99304 0.2516433559273442
869.59125 0.23924395388364425
870.18945 0.2365613417156431
870.78766 0.2377081072225749
871.38586 0.22230868470091947
871.98407 0.23328486883869515
872.58228 0.2223803575451027
873.18048 0.21541785268158825
873.77869 0.20599799316036288
874.37689 0.20731882128888252
874.9751 0.1991276390965126
875.5733 0.19005590481846293
876.17151 0.1825200172014826
876.76971 0.18035959289824505
877.36792 0.16808305858743064
877.96613 0.16737656912333873
878.56433 0.15272459197673705
879.16254 0.1474003235516966
879.76074 0.13703847807834865
880.35895 0.11529088935760654
880.95715 0.12309299039583889
881.55536 0.11498372002539267
882.15356 0.10353654291155572
882.75177 0.09289824503921529
883.34998 0.09579587573976615
883.94818 0.07812340015972805
884.54639 0.07818483402617082
885.14459 0.0648536850080888
885.7428 0.07140663076198472
886.341 0.06865234574980034
886.93921 0.07777527491655233
887.53741 0.06763868695349456
888.13562 0.07651588065447547
888.73383 0.07787766469395696
889.33203 0.08556713697704421
889.93024 0.07219503204800033
890.52844 0.0817582372575922
891.12665 0.0827923740093789
891.72485 0.08298691458644769
892.32306 0.08371388200602052
892.92126 0.08765588843609855
893.51947 0.09276513832858928
894.11768 0.08365244813957776
894.71588 0.09131120348944362
895.31409 0.09222247250834477
895.91229 0.08498351524583786
896.5105 0.09660475498126267
897.1087 0.08377531587246329
897.70691 0.08781971207994593
898.30511 0.09646140929289619
898.90332 0.09355353961460489
899.50153 0.09115761882333669
900.09973 0.09299039583887944
900.69794 0.095969938361354
901.29614 0.08946818749616038
901.89435 0.08852620154403784
902.49255 0.08379579382794422
903.09076 0.09189482522064997
903.68896 0.08082649028321012
904.28717 0.09400405463518523
904.88538 0.08667294657301416
905.48358 0.09893924190608809
906.08179 0.08693915999426617
906.67999 0.09191530317613089
907.2782 0.08537259639997542
907.8764 0.08562857084348699
908.47461 0.07453975795056622
909.07281 0.075686523457498
909.67102 0.08694939897200664
910.26917 0.07694591771957489
910.86737 0.0749288391047038
911.46558 0.08214731841172979
912.06378 0.08040669219585117
912.66199 0.07356705506522228
913.26019 0.066297380869494
913.8584 0.061495300309217134
914.4566 0.0735363381320009
915.05481 0.07070014129789282
915.65302 0.06312329776995065
916.25122 0.059601089427231586
916.84943 0.06619499109208937
917.44763 0.05818811049904778
918.04584 0.057399709213032175
918.64404 0.04937235066450966
919.24225 0.05405156349190097
919.84045 0.04774435320377614
920.43866 0.04354637233018656
921.03687 0.04396617041754551
921.63507 0.04102758380603281
922.23328 0.04269653717772818
922.83148 0.03967603874429177
923.42969 0.03327667765650277
924.02789 0.03842688345995536
924.6261 0.04003440296520796
925.2243 0.03627669813445825
925.82251 0.03571355435873283
926.42072 0.0395326930559253
927.01892 0.03327667765650277
927.61713 0.03570331538099236
928.21533 0.03685008088792415
928.81354 0.03373743165482359
929.41174 0.03772039399586346
930.00995 0.03786373968422992
930.60815 0.033327872545205084
931.20636 0.03690127577662646
931.80457 0.04516413081317961
932.40277 0.030409763889173304
933.00098 0.04053611287449062
933.59918 0.03890811541375709
934.19739 0.035263039338152474
934.79559 0.03909241701308541
935.3938 0.03693199270984785
935.992 0.03627669813445825
936.59021 0.03925624065693282
937.18842 0.03955317101140623
937.78662 0.03840640550447443
938.38483 0.03485348022853398
938.98303 0.04445764134908771
939.58124 0.03649171666700797
940.17944 0.03549853582618312
940.77765 0.03819138697192472
941.37585 0.04157024962627732
941.97406 0.03918456781274958
942.57227 0.03909241701308541
943.17047 0.03999344705424611
943.76868 0.04400712632850736
944.36688 0.04628017938689002
944.96509 0.03988081829910102
945.56329 0.04068969754059755
946.1615 0.04167263940368194
946.7597 0.03978866749943686
947.35791 0.04172383429238425
947.95612 0.04420166690557615
948.55432 0.04033133331968136
949.15253 0.03990129625458194
949.75073 0.04209243749104089
950.34894 0.04250199660065939
950.94714 0.03873405279216923
951.54535 0.03675793008825999
952.14355 0.03975795056621547
952.74176 0.03938934736755882
953.33997 0.03284664059140335
953.93817 0.04052587389675015
954.53638 0.03747465853009236
955.13458 0.03822210390514611
955.73279 0.04109925665021604
956.33099 0.04212315442426228
956.9292 0.03760776524071836
957.5274 0.0381709090164438
958.12561 0.037843261728749
958.72382 0.031187926197448448
959.32202 0.03266233899207503
959.92023 0.0376794380849016
960.51843 0.03620502529027502
961.11664 0.0356930764032519
961.71484 0.03443368214117503
962.31305 0.03917432883500911
962.91125 0.03578522720291606
963.50946 0.03393197223189237
964.10767 0.03514017160526693
964.70587 0.035048020805602764
965.30408 0.03477156840661028
965.90228 0.03275448979173919
966.50049 0.0333790674339074
967.09869 0.04306514037638483
967.6969 0.0429627505989802
968.2951 0.03785350070648946
968.89331 0.03294903036880798
969.49152 0.03460774476276288
970.08972 0.03290807445784613
970.68793 0.02196260725329183
971.28613 0.04067945856285708
971.88434 0.03927671861241374
972.48254 0.03606167960190854
973.08075 0.03821186492740565
973.67896 0.02892511211680626
974.27716 0.03993201318780333
974.87537 0.036542911555710274
975.47357 0.0368091249769623
976.07178 0.0440787991726906
976.66998 0.029815903180226488
977.26819 0.04062826367415477
977.86639 0.03790469559519178
978.4646 0.03766919910716114
979.06281 0.03390125529867098
979.66101 0.03514017160526693
980.25922 0.0439149755288432
980.85742 0.04094567198410911
981.45563 0.0385497511928409
982.05383 0.035559969692625884
982.65204 0.032641861036594104
983.25024 0.03749513648557328
983.84845 0.04006511989842935
984.44666 0.03864190199250507
985.04486 0.042471279667438
985.64307 0.031996805438944974
986.24127 0.03634837097864149
986.83948 0.0389593103024594
987.43768 0.03918456781274958
988.03589 0.033327872545205084
988.63409 0.03077836708782995
989.2323 0.04332111481989639
989.83051 0.04012655376487211
990.42871 0.036583867466672124
991.02692 0.04444740237134724
991.62512 0.03128007699711261
992.22333 0.03692175373210739
992.82153 0.03412651280896115
993.41974 0.037054860442733394
994.01794 0.04411975508365245
994.61615 0.03547805787070219
995.21436 0.03944054225626114
995.81256 0.03432105338602994
996.41077 0.03879548665861201
997.00897 0.03443368214117503
997.60718 0.0429627505989802
998.20538 0.04008559785391026
998.80359 0.03819138697192472
999.40179 0.03630741506767964
1000.0 0.04092519402862818
