# Wavelength_Solis (nm), Spectrum_Andor_Solis
400.0 0.001156360102349134
400.59821 0.002366915069947912
401.19641 -0.002682950295392462
401.79462 0.00029046012049528013
402.39282 0.0015454670562201698
402.99103 0.0028942493767590495
403.58923 0.000687483178279185
404.18744 0.0003196888118658744
404.78564 0.0023395131717879798
405.38385 0.003914817850448965
405.98206 0.0035689450025635995
406.58026 0.0044780790904031245
407.17847 -0.0011423546877340578
407.77667 0.0020320029813265194
408.37488 0.001589919024346282
408.97308 -0.0011983763461943635
409.57129 0.004100541826866282
410.16949 0.00018511504534709678
410.7677 0.0011636672751917827
411.36591 0.002890595790337725
411.96411 0.0019875510132004075
412.56232 0.002235385958780238
413.16052 0.002460081523691681
413.75873 0.0009767254366340238
414.35693 0.003506225102330866
414.95514 0.001301285697061664
415.55334 0.0028619760300373515
416.15155 0.0013262518709407133
416.74976 -0.00012178621404414263
417.34796 0.0017866037600275722
417.94617 0.0006217186226953481
418.54437 0.002249391373395314
419.14258 0.0024247635216188795
419.74078 0.002483220904360068
420.33899 0.0015265901930433278
420.93719 0.001965629494672462
421.5354 0.00026549394661623093
422.13361 0.0007495941474416979
422.73181 0.007297429945525027
423.33002 0.004216847661278438
423.92822 0.0010954669953270628
424.52643 0.0007654263552674364
425.12463 0.0028802439621439728
425.72284 0.004369080428833616
426.32104 0.002620839326229949
426.91925 0.0034830857216624793
427.51746 0.004944520290192191
428.11566 0.00487571107925725
428.71387 0.0012470908318120205
429.31207 0.0034209747524999662
429.91028 0.0032449936732061803
430.50848 0.004100541826866282
431.10669 0.004134033035728422
431.7049 0.0035208394480161632
432.3031 0.0027554130927487266
432.90131 0.005443843767773175
433.49951 0.0048836271831701195
434.09772 0.006533830383468251
434.69592 0.002548985459943905
435.29413 0.005675237574457047
435.89233 0.005670975056965501
436.49054 0.007045332482453651
437.08875 0.006527132141695824
437.68695 0.0057690129592710354
438.28516 0.009272193406250798
438.88336 0.006683627426742548
439.48157 0.006943032062656571
440.07977 0.007280988806629066
440.67798 0.007148850764391172
441.27618 0.006354195717753141
441.87439 0.009052369289901122
442.4726 0.008663871267100305
443.0708 0.008057984852230698
443.66901 0.008635860437870154
444.26721 0.010509541340939288
444.86542 0.009656428911560069
445.46362 0.010117389731717148
446.06183 0.00847875622175321
446.66003 0.010419419542546623
447.25824 0.009903654926069677
447.85645 0.009538296283937249
448.45465 0.013012856970616639
449.05286 0.010789040702170596
449.65106 0.014217322627513209
450.24927 0.013134643184660781
450.84744 0.013848919330029678
451.44565 0.013732613495617522
452.04385 0.012479433353103295
452.64206 0.011645806717971139
453.24026 0.015391341730898744
453.83847 0.013793506602639593
454.43668 0.016597634181005978
455.03488 0.01680284395167036
455.63309 0.01676448129424645
456.23129 0.013764886842339221
456.8295 0.017568270306937795
457.4277 0.018182681756790494
458.02591 0.01832517162722214
458.62411 0.018116917201206655
459.22232 0.019937012170096368
459.82053 0.02053680927426377
460.41873 0.01971657912267647
461.01694 0.018449393565547166
461.61514 0.02069878493894248
462.21335 0.019113128432087744
462.81155 0.02226008420298839
463.40976 0.02095453598843518
464.00797 0.0230218569718345
464.60617 0.021461775569929033
465.20438 0.023060219629258406
465.80258 0.022249123443724414
466.40079 0.0260263228723035
466.99899 0.023283697332029406
467.5972 0.025494117116930597
468.1954 0.02473965152092713
468.79361 0.02649580872744367
469.39182 0.02800595778159104
469.99002 0.02552030115295009
470.58823 0.026073819495780713
471.18643 0.02740128922886187
471.78464 0.02861488885181175
472.38284 0.03150365784893881
472.98105 0.03191042380384625
473.57925 0.03167294068646017
474.17746 0.03614127687973976
474.77567 0.031053048856975483
475.37387 0.03827497134979314
475.97208 0.03491123611789393
476.57028 0.03639824579137291
477.16849 0.03934729896445182
477.76669 0.03575825923657094
478.3649 0.0395762570468548
478.9631 0.041541277610457054
479.56131 0.041571115232897866
480.15952 0.044397164329792196
480.75772 0.04504141340208571
481.35593 0.04696928917040449
481.95413 0.046371927790517964
482.55234 0.04695406589364897
483.15054 0.048354607355156606
483.74875 0.04976367385164734
484.34695 0.049296623720788045
484.94516 0.050410967579291956
485.54337 0.0506003451421306
486.14157 0.05020514887755736
486.73978 0.05355853228126282
487.33798 0.052853390101947235
487.93619 0.0546162455502362
488.53439 0.05306773383866493
489.1326 0.05798058971320564
489.7308 0.054618681274517085
490.32901 0.05810542058260089
490.92722 0.05923194306250921
491.52542 0.060507653654621595
492.12363 0.061014893236115454
492.72183 0.061276733596310355
493.32004 0.06228573237966608
493.91824 0.06522808731097257
494.51645 0.06642463686395626
495.11465 0.06644534052034377
495.71286 0.06667977898237874
496.31107 0.06734594957320021
496.90927 0.07526692493463125
497.50748 0.072407993559945
498.10568 0.0749155717071139
498.70389 0.07524378555396286
499.30209 0.07688789944355878
499.9003 0.07557017260760115
500.4985 0.08296685831757217
501.09671 0.08329202750907001
501.69492 0.08414757566273014
502.29312 0.08666550563809278
502.89133 0.08935698096846832
503.48953 0.08764344893686724
504.08774 0.09002680514571111
504.68594 0.0923169949008112
505.28415 0.09088905154114363
505.88235 0.09152233985417318
506.48056 0.09721280070538575
507.07877 0.0992222732371141
507.67697 0.09886787535424565
508.27518 0.09951151549546894
508.87338 0.10165251713836496
509.47159 0.10422768663432837
510.06979 0.10324243616271125
510.668 0.10477207101110567
511.2662 0.10797078592297507
511.86441 0.1069660496571109
512.46259 0.10718343804917971
513.06079 0.10755123241559301
513.659 0.10533411438891939
514.2572 0.10681747047597706
514.85541 0.10593330256201658
515.45361 0.10840799843139355
516.05182 0.11179791769931227
516.65002 0.11079683501986941
517.24823 0.11299629404550664
517.84644 0.11180096235466337
518.44464 0.11354494093977549
519.04285 0.11308763370603975
519.64105 0.11471774218102058
520.23926 0.11781659239737378
520.83746 0.11820630828231506
521.43567 0.11926828406877998
522.03387 0.12259122091897441
522.63208 0.1222118568622269
523.23029 0.12209311530353385
523.82849 0.1262575948927733
524.4267 0.12606334588137288
525.0249 0.1301693680878712
525.62311 0.13222755510521716
526.22131 0.12960123539935525
526.81952 0.13396057293106534
527.41772 0.13711179121945752
528.01593 0.13842464660685339
528.61414 0.14520265834948015
529.21234 0.14941646135540748
529.81055 0.14938966838831777
530.40875 0.1491223476484909
531.00696 0.1577076668075327
531.60516 0.16051057652375866
532.20337 0.16203168633717
532.80157 0.1638042846825825
533.39978 0.16837613915779961
533.99799 0.1703076685125397
534.59619 0.17386869741119043
535.1944 0.17990746683456924
535.7926 0.18219704765859912
536.39081 0.18441660140955365
536.98901 0.1889902826779814
537.58722 0.18990915966294447
538.18542 0.19203067551159345
538.78363 0.1946021914211355
539.38184 0.1932582805491584
539.98004 0.19394819945171846
540.57825 0.19923433007230446
541.17645 0.19758778045842765
541.77466 0.20207560244595432
542.37286 0.20484623881545858
542.97107 0.2095892029214077
543.56927 0.21086308672030943
544.16748 0.20942905404993964
544.76569 0.21166748466407098
545.36389 0.214660989805276
545.9621 0.21856423796539076
546.5603 0.22184820322709106
547.15851 0.22244678246911806
547.75671 0.2224102466049048
548.35492 0.22828886715681557
548.95312 0.2339026026931803
549.55133 0.23707452463796003
550.14954 0.23657641902251947
550.74774 0.23923074955761156
551.34595 0.23920882803908364
551.94415 0.24554901834222168
552.54236 0.24719556795609848
553.14056 0.25284279470132537
553.73877 0.25254746313226833
554.33698 0.2536356229547528
554.93518 0.25924935849111747
555.53339 0.26771593609146627
556.13159 0.2683425261627234
556.7298 0.27690957738965866
557.328 0.2771281836438679
557.92621 0.27584090336142125
558.52441 0.2822237188394748
559.12262 0.2857500386671229
559.72083 0.29476160957531927
560.31903 0.2942507164074041
560.91724 0.29418738757610113
561.51544 0.30722521072059683
562.11365 0.31542203185683787
562.71185 0.3157995691203747
563.31006 0.3275227100842638
563.90826 0.3295492326859584
564.50647 0.3315075550077882
565.10468 0.33937616229718026
565.70288 0.34410268526423343
566.30109 0.34724537851764253
566.89929 0.35258022362384617
567.4975 0.3560176395152421
568.0957 0.3626087094193111
568.69391 0.37049802036509066
569.29211 0.37530005078485124
569.89032 0.37737528787216346
570.48853 0.3807603356915204
571.08673 0.38676865856138815
571.68494 0.3858631780599699
572.28314 0.38847731914442746
572.88135 0.3960128411384088
573.47955 0.40301920203236835
574.07776 0.39633679246776615
574.67596 0.401773937993767
575.27417 0.4018354400318592
575.87238 0.40565770035963467
576.47058 0.40700161123161177
577.06879 0.41121602316860933
577.66699 0.4087614220245497
578.2652 0.4129575660294406
578.8634 0.4148556041753186
579.46161 0.4140469437140654
580.05981 0.411353032659409
580.65802 0.42099910974277527
581.25623 0.4249486366642269
581.85443 0.4247598680324584
582.45264 0.42226203278241303
583.05084 0.43182833989558045
583.64905 0.4318880151404621
584.24725 0.42950100534519686
584.84546 0.4319349028328691
585.44366 0.43414166903134893
586.04187 0.43992346954309464
586.64008 0.43949721779394013
587.23828 0.4386909930569679
587.83649 0.4453965420022384
588.43469 0.44874018250882036
589.0329 0.45405797754505783
589.6311 0.4575934313387593
590.22931 0.4629264496517523
590.82751 0.4669368696802259
591.42572 0.46641136216662543
592.02393 0.4716950570629305
592.62213 0.4758625813075211
593.22034 0.4741015526524428
593.81854 0.4862844365743486
594.41675 0.48880784692934326
595.01495 0.4825005389039971
595.61316 0.49317266484068534
596.21136 0.49780114990543295
596.80957 0.4942961426652425
597.40778 0.5036024362114258
598.00598 0.5089713814575617
598.60419 0.5153164432092615
599.20239 0.5171389739024321
599.8006 0.5229420870016356
600.3988 0.531554199127767
600.99701 0.5313179338725215
601.59521 0.5349465541199667
602.19342 0.5420564332958637
602.79163 0.5486809944087948
603.38983 0.5508475711566402
603.98804 0.5500529161100022
604.58624 0.5557184107873356
605.18445 0.5601867469806152
605.78265 0.5580195613016997
606.38086 0.5623478433488286
606.97906 0.5676674651782767
607.57727 0.5623722005916374
608.17548 0.5753168572823892
608.77368 0.5734858015542356
609.37189 0.584414896402557
609.97009 0.5869407424818326
610.5683 0.5921513656497112
611.1665 0.5965094853192808
611.76471 0.6004510961368195
612.36292 0.6045029234780681
612.96112 0.6076858061821118
613.55933 0.6099077956573472
614.15753 0.6095016386335099
614.75574 0.6090205830880355
615.35394 0.6104363478262986
615.95215 0.6136667271538196
616.55035 0.6126485944044106
617.14856 0.6158138181074179
617.74677 0.6115372952012578
618.34497 0.6103992030310152
618.94318 0.6099942638693184
619.54138 0.6085139524376119
620.13959 0.6099705155575799
620.73779 0.613375658102254
621.336 0.6082971729766133
621.9342 0.6021950747219316
622.53241 0.6066579305355791
623.13062 0.6051215974454124
623.72882 0.6009473749590493
624.32703 0.5983368874610132
624.92523 0.5993501487618604
625.52344 0.5891803909581043
626.12164 0.5923748433524821
626.71985 0.5918024481464746
627.31805 0.5891584694395764
627.91626 0.5928248434133753
628.51447 0.5973169279183935
629.11267 0.5987783624869232
629.71088 0.5931408786388198
630.30908 0.5998470365151605
630.90729 0.5993805953153715
631.50549 0.6020848581982217
632.1037 0.604580257723986
632.7019 0.6013121246701115
633.30011 0.609504683288861
633.89832 0.6111615847309315
634.49652 0.5957410143086622
635.09473 0.6051276867561146
635.69293 0.6092787698618091
636.29114 0.6152128031411099
636.88934 0.6244971751687651
637.48755 0.6253661198059701
638.08575 0.6288626020111775
638.68396 0.6310310055522335
639.28217 0.6390762028519895
639.88037 0.6464875029076458
640.47858 0.6509978553447706
641.07678 0.6508699798200243
641.67499 0.6604752585216858
642.27319 0.6605775589414828
642.8714 0.6680327020341951
643.4696 0.6883612568824434
644.06781 0.6934963725976147
644.66602 0.7008315562694933
645.26422 0.6992921785239754
645.86243 0.7142341291250512
646.46063 0.7201316265401388
647.05884 0.7235051046691616
647.65704 0.7243137651304147
648.25525 0.7258038194592448
648.85345 0.7349731035146283
649.45166 0.7418400191935073
650.04987 0.7526430653102929
650.64807 0.7570060564284243
651.24628 0.7601877212703275
651.84448 0.762313499636468
652.44269 0.7698429323197472
653.04089 0.7644039600005358
653.6391 0.7770971281592866
654.2373 0.770176017615158
654.83551 0.7808170880672649
655.43372 0.7837813645170993
656.03192 0.7868972648034187
656.63013 0.7837411750664648
657.22833 0.7840681710511732
657.82654 0.7812390772989278
658.42474 0.7789391446467042
659.02295 0.778976898373058
659.62115 0.7780062622471261
660.21936 0.7767415124142777
660.81757 0.7734478042554538
661.41577 0.7733363698696034
662.01398 0.7743191846169397
662.61218 0.773856397003572
663.21039 0.7803762219724252
663.80859 0.7759151929519882
664.4068 0.7776950984702433
665.005 0.7774442188693124
665.60321 0.7850436786256668
666.20142 0.7811465197762543
666.79962 0.785385897887131
667.39783 0.7860344094769159
667.99603 0.7799791989146412
668.59424 0.788144964566301
669.19244 0.7931844781034476
669.79065 0.7923240585012257
670.38885 0.7895241934403509
670.98706 0.7966870496193572
671.58527 0.7989693232705444
672.18347 0.8072306911002288
672.78168 0.802687456385312
673.37988 0.8078749401725224
673.97809 0.8071618818892938
674.57629 0.8084461175163893
675.1745 0.8197545764214582
675.77271 0.8191395560405352
676.37091 0.8239531561506299
676.96912 0.8375116153601644
677.56732 0.8363363783946384
678.16553 0.8431831993482002
678.76373 0.8410263654974783
679.36194 0.8438585039050749
679.96014 0.8432532264212755
680.55835 0.8554361103431813
681.15656 0.8560255556191549
681.75476 0.8595689255167693
682.35297 0.857780494963531
682.95117 0.8687820526092087
683.54938 0.8622932831249368
684.14758 0.863005732477095
684.74579 0.8650925392547414
685.34399 0.8644769099427482
685.9422 0.8672980875910807
686.54041 0.863510536334308
687.13861 0.8720861125962263
687.73682 0.8773076965233689
688.33502 0.8710253546719018
688.93323 0.8735408489229836
689.53143 0.8676068156436827
690.12964 0.8664029589178563
690.72784 0.8636572887222311
691.32605 0.8707823911748838
691.92426 0.8690621609015102
692.52246 0.8698683856384825
693.12067 0.8694859769263837
693.71887 0.8721878040849531
694.31708 0.8749541779369658
694.91528 0.8729702805101868
695.51349 0.8734428110206781
696.11169 0.8752860453702361
696.7099 0.8816986984707305
697.30811 0.8890125695551514
697.90631 0.8875620957458856
698.50452 0.8948820561410089
699.10272 0.8920645320790976
699.70093 0.8971588494125642
700.29913 0.8958100670920253
700.89734 0.9004148038450343
701.49554 0.9089745478991268
702.09375 0.9155503945264404
702.69196 0.9169247519519285
703.29016 0.9174959292957955
703.88837 0.9163298262963229
704.48657 0.9220769177370659
705.08478 0.9242398408984899
705.68298 0.930331587324978
706.28113 0.9402261082849943
706.87933 0.9417417377187737
707.47754 0.9508787484274355
708.07574 0.955540115769975
708.67395 0.961080170646843
709.27216 0.9677278711404426
709.87036 0.9727430274347804
710.46857 0.9810799027171722
711.06677 0.9851597408876509
711.66498 0.9896049377002621
712.26318 0.9889698225940219
712.86139 0.9976233420329285
713.45959 0.9965686734193062
714.0578 0.9977944516636605
714.65601 1.0
715.25421 0.9998502029567256
715.85242 0.9953812578323759
716.45062 0.9986414747823376
717.04883 0.9945573740943672
717.64703 0.9905920149650899
718.24524 0.992460215488527
718.84344 0.9889612975590388
719.44165 0.9927232737108623
720.03986 0.9828348420615483
720.63806 0.9758930278610322
721.23627 0.9740656257192998
721.83447 0.9625793589417265
722.43268 0.9708474250131832
723.03088 0.967698642449072
723.62909 0.9622767201998267
724.22729 0.9371564867600117
724.8255 0.9341849031373346
725.42371 0.9295637252454296
726.02191 0.9194055371320077
726.62012 0.9037620979380376
727.21832 0.905126103535332
727.81653 0.8921838825688608
728.41473 0.8811013370908439
729.01294 0.8822430828475077
729.61115 0.8795832719327836
730.20935 0.8730817148960371
730.80756 0.8547918612708878
731.40576 0.8528438907772518
732.00397 0.8485271784204571
732.60217 0.8455275839685499
733.20038 0.8375000456698303
733.79858 0.8339420614265306
734.39679 0.8410616834995511
734.995 0.8361762295231704
735.5932 0.8302635088313273
736.19141 0.8325482182067955
736.78961 0.8292612082897439
737.38782 0.8263255516002099
737.98602 0.8300540365431713
738.58423 0.8360641862062498
739.18243 0.8311519392627793
739.78064 0.8358601942977258
740.37885 0.8346405053640737
740.97705 0.8291193273503825
741.57526 0.8280262960793364
742.17346 0.8322534955688086
742.77167 0.83162264298006
743.36987 0.8288300850920277
743.96808 0.8379220349014932
744.56628 0.842785567359346
745.16449 0.8421516701152463
745.7627 0.8368314393547278
746.3609 0.8471850943416906
746.95911 0.8422959867788886
747.55731 0.8415750123917473
748.15552 0.848609993046007
748.75372 0.8645371941187001
749.35193 0.864412972180375
749.95013 0.8716696037441953
750.54834 0.8809241381494096
751.14655 0.8871194028578352
751.74475 0.8908363181104625
752.34296 0.8951396339837122
752.94116 0.8984558725921342
753.53937 0.9005250203687443
754.13757 0.9061959954257097
754.73578 0.9165843594836751
755.33398 0.9294809106198796
755.93219 0.9314769866680631
756.5304 0.933573536342833
757.1286 0.9366595990067116
757.72681 0.9506461367586111
758.32501 0.953633552589114
758.92322 0.9534027677135003
759.52142 0.9650814567092634
760.11963 0.9583819970746951
760.71783 0.9652988451013321
761.31604 0.9722309164047248
761.91425 0.9656410643627962
762.51245 0.965759196990419
763.11066 0.9771486437278273
763.70886 0.9794869390374747
764.30707 0.9880631242304633
764.90527 0.9914469541876798
765.50348 0.9899477658927963
766.10168 0.9951723944752902
766.69989 0.9936123130733846
767.2981 0.9878366018723411
767.8963 0.9841635296567698
768.49451 0.9809922166430604
769.09271 0.9771967492823747
769.69092 0.9806219865523662
770.28912 0.9764124460639304
770.88733 0.9729409300326021
771.48553 0.9677601444871643
772.08374 0.9623875456546069
772.68195 0.963924487675844
773.28015 0.9520978284300173
773.87836 0.9488388293421961
774.47656 0.9489581798319593
775.07477 0.9519577742838665
775.67297 0.9394795587929037
776.27118 0.9416607498864343
776.86938 0.9419359867301741
777.46759 0.9410317240908963
778.0658 0.9364257694757468
778.664 0.9406907226915726
779.26221 0.9343858503905075
779.86041 0.9372673122147919
780.45862 0.9374439022251558
781.05682 0.9369177857804852
781.65503 0.9308162964568736
782.25323 0.9316389623327418
782.85144 0.926866769535422
783.44965 0.927139570654881
784.04785 0.9289462691402258
784.64606 0.919045049938437
785.24426 0.9179434936324078
785.84247 0.907683614030259
786.44067 0.9035495809945305
787.03888 0.8984528279367832
787.63708 0.8938761020130043
788.23529 0.8921077661850833
788.8335 0.8856062091483368
789.4317 0.8825183196912475
790.02991 0.8794377374070009
790.62811 0.867635435403983
791.22632 0.8702191299349296
791.82452 0.8548600615507526
792.42273 0.8531611438648367
793.02094 0.849153159560644
793.61914 0.8474907777389414
794.21735 0.8462034974564949
794.81555 0.837971358318181
795.41376 0.8315867160469168
796.01196 0.8338903022855618
796.61017 0.8309625616999406
797.20837 0.8239994349119667
797.80658 0.8226476079360768
798.40479 0.812721422560409
799.00299 0.8118074170240077
799.6012 0.8004776455314812
800.1994 0.7970073473622932
800.79761 0.794948551413877
801.39581 0.7837673591024843
801.99402 0.7829976702297252
802.59222 0.7760759507545264
803.19043 0.7740457745664105
803.78864 0.7667233784470064
804.38684 0.7666978033420572
804.98505 0.7564324433602764
805.58325 0.7470597763274391
806.18146 0.7498639039058056
806.77966 0.7469343365269737
807.37787 0.7422473940794849
807.97607 0.7327109245887583
808.57428 0.7320106538580046
809.17249 0.7332790572772743
809.77069 0.7328832520816307
810.3689 0.7192334532115633
810.9671 0.722145970520429
811.56531 0.7200183653610778
812.16351 0.715808824872642
812.76172 0.7186263489345532
813.35992 0.7129243183930064
813.95813 0.7104301367293825
814.55634 0.7133858881442338
815.15454 0.712544954336259
815.75275 0.7114440069613
816.35095 0.7087446155270115
816.94916 0.7097225588257859
817.54736 0.714021003250474
818.14557 0.7182561188438591
818.74377 0.7028611235265391
819.34198 0.7133992846277787
819.94019 0.7086946831792534
820.53839 0.7067101768214041
821.1366 0.7050392699647184
821.7348 0.7126612601706711
822.33301 0.7097414356889629
822.93121 0.7031826391316155
823.52942 0.7085120038581872
824.12762 0.7074220172424922
824.72583 0.7178706654764094
825.32404 0.7197053747909844
825.92224 0.7188011121517066
826.52045 0.7154830467500739
827.11865 0.7254542930249381
827.71686 0.7234436026310693
828.31506 0.7341096392570553
828.91327 0.7244099762395096
829.51147 0.7279496925507025
830.10968 0.7319984752366002
830.70789 0.7330330491249052
831.30609 0.7304980690795763
831.9043 0.7296577442026717
832.5025 0.7319802073044935
833.10071 0.727495429972318
833.69891 0.727354766895097
834.29712 0.7277828454374621
834.89532 0.7168628845551941
835.49353 0.7235787853286584
836.09174 0.7140417069068615
836.68994 0.7203599756914716
837.28815 0.7179486086533976
837.88635 0.7089321662966395
838.48456 0.7052152510440123
839.08276 0.6928034090397035
839.68097 0.6886206615183574
840.27917 0.686103340474065
840.87738 0.6804871692134193
841.47559 0.6754762754365731
842.07379 0.6565415638080601
842.672 0.6468954867246937
843.2702 0.6372597614695211
843.86841 0.6228938596608741
844.46661 0.6161128032628962
845.06482 0.5873121904346671
845.66302 0.5510747024458326
846.26123 0.5319213845631102
846.85944 0.518156497720771
847.45764 0.5084209077700822
848.05585 0.48297733193197995
848.65405 0.4757389683002663
849.25226 0.4694968158994338
849.85046 0.47399316292194354
850.44867 0.4723131220992046
851.04688 0.4766627167337911
851.64508 0.49009573614286006
852.24329 0.5120495280175275
852.84149 0.5160264568371389
853.4397 0.5256341712630813
854.0379 0.5351615067877546
854.63611 0.5370491931054389
855.23431 0.5438917515415089
855.83252 0.542054606502653
856.43073 0.5420107634655972
857.02893 0.5441395864870888
857.62714 0.5498501420636187
858.22534 0.5457812646524038
858.82355 0.5463560955826922
859.42175 0.5417635374510875
860.01996 0.5435129964158317
860.61816 0.5371874204583789
861.21637 0.5366795719458148
861.81458 0.5309318715740016
862.41278 0.5273324800179269
863.01099 0.5277995301487861
863.60919 0.5186058888505939
864.2074 0.5194431690721473
864.8056 0.5156391766764785
865.40381 0.5160331550789113
866.00201 0.5038222603277753
866.60022 0.4971282810728391
867.19843 0.4900251001387145
867.79663 0.4832641384660539
868.39484 0.4801250987990661
868.99304 0.47108003668200765
869.59125 0.4655533782886844
870.18945 0.45946954796610934
870.78766 0.45156318695036357
871.38586 0.43749383457291396
871.98407 0.4344631846364255
872.58228 0.41426554996827464
873.18048 0.40532948651278566
873.77869 0.39309545238098137
874.37689 0.38011730448136727
874.9751 0.3746862482660688
875.5733 0.3608141895553707
876.17151 0.35299307888945586
876.76971 0.33832027582141755
877.36792 0.3276621552993444
877.96613 0.30813373587736614
878.56433 0.3013855617571802
879.16254 0.2715187106249946
879.76074 0.25597818078189183
880.35895 0.23954922050733699
880.95715 0.222915659393188
881.55536 0.20667120523291002
882.15356 0.19180841567096288
882.75177 0.1672532702643126
883.34998 0.1577484651892375
883.94818 0.1474465693432435
884.54639 0.13215631017000137
885.14459 0.12880414462843634
885.7428 0.12406057159141698
886.341 0.13155285947941264
886.93921 0.13705028918136525
887.53741 0.14686504017118268
888.13562 0.1567108466455814
888.73383 0.16512018472532944
889.33203 0.17419934698232026
889.93024 0.18998588497779226
890.52844 0.19187357129547647
891.12665 0.19651423498162854
891.72485 0.21135327623183708
892.32306 0.21404536049328285
892.92126 0.2270021958054392
893.51947 0.23057174973907302
894.11768 0.23038237217623436
894.71588 0.2376767574664083
895.31409 0.23862729886702283
895.91229 0.24159401104113817
896.5105 0.2402878538955147
897.1087 0.2440680979794449
897.70691 0.24242093943449788
898.30511 0.2441119410165008
898.90332 0.24039928828136511
899.50153 0.24186376750524594
900.09973 0.23966004596211715
900.69794 0.24252506664750562
901.29614 0.23961498506292084
901.89435 0.23483792081703933
902.49255 0.22933866432187608
903.09076 0.23620862465610618
903.68896 0.23003710825941923
904.28717 0.22714407674480064
904.88538 0.23034583631202113
905.48358 0.22550970575232823
906.08179 0.22577519969894447
906.67999 0.22061816246524524
907.2782 0.2192170120726674
907.8764 0.21367513040258868
908.47461 0.2144521264481903
909.07281 0.211386158509629
909.67102 0.20595266657004957
910.26917 0.20842736243942658
910.86737 0.2005703248403687
911.46558 0.19546991819620002
912.06378 0.1910484696953274
912.66199 0.1843691047860764
913.26019 0.1792686981419077
913.8584 0.16599948119072816
914.4566 0.1574196424113183
915.05481 0.14713236091100956
915.65302 0.1425203169851579
916.25122 0.13386131716661936
916.84943 0.1222556998992828
917.44763 0.11279473786126357
918.04584 0.1050400006820028
918.64404 0.09023201491637549
919.24225 0.08485332677311593
919.84045 0.06750366272038737
920.43866 0.0527876255463634
921.03687 0.044814282112893386
921.63507 0.0400171231416946
922.23328 0.032493170838047473
922.83148 0.02855399574478968
923.42969 0.024339583807792123
924.02789 0.022481735112548727
924.6261 0.020769420943088084
925.2243 0.022234509098039118
925.82251 0.02784763570333365
926.42072 0.034484375437669204
927.01892 0.036853726231898004
927.61713 0.04429973535855688
928.21533 0.048166447654458405
928.81354 0.05336123861451131
929.41174 0.057157923837337456
930.00995 0.0647232834537596
930.60815 0.0658491970025977
931.20636 0.07065670780199022
931.80457 0.0718964914609596
932.40277 0.0784321486376385
933.00098 0.07365386652961657
933.59918 0.07772761538939314
934.19739 0.08016212180813556
934.79559 0.08026624902114331
935.3938 0.08012132342643077
935.992 0.08065596490608455
936.59021 0.07884987535180993
937.18842 0.07957754798072367
937.78662 0.07624973968196748
938.38483 0.07985095803125276
938.98303 0.0752803214181761
939.58124 0.07628749340832115
940.17944 0.07334513847701467
940.77765 0.07079554408600054
941.37585 0.07217477296005047
941.97406 0.06878241796785087
942.57227 0.06760048276055247
943.17047 0.06543147028842629
943.76868 0.06402423058514622
944.36688 0.0654497382205329
944.96509 0.06086631405498159
945.56329 0.060015028418813045
946.1615 0.05873870889563043
946.7597 0.059179574990470225
947.35791 0.05663180739266676
947.95612 0.056581266113838444
948.55432 0.05641320113845752
949.15253 0.05527206431286391
949.75073 0.05444452698843396
950.34894 0.05278823447743362
950.94714 0.05434831587933909
951.54535 0.052529438772589816
952.14355 0.053175514638093994
952.74176 0.05104303803018106
953.33997 0.05065880252487178
953.93817 0.05223228041032211
954.53638 0.04969303784750174
955.13458 0.04822916755469114
955.73279 0.047390060539927
956.33099 0.04634452589235804
956.9292 0.046491278280281226
957.5274 0.04470711024453454
958.12561 0.042838909721097385
958.72382 0.040588909416631846
959.32202 0.03867564799399837
959.92023 0.03901604046225175
960.51843 0.0365596125249814
961.11664 0.03406360406814669
961.71484 0.03387788009172937
962.31305 0.03470298169187844
962.91125 0.03361725759367491
963.50946 0.03101468619955158
964.10767 0.029550206975670765
964.70587 0.029105078363339427
965.30408 0.02674486153516394
965.90228 0.027739854903904588
966.50049 0.028949192009362922
967.09869 0.02900095115033168
967.6969 0.02921225023169827
968.2951 0.028324428731316468
968.89331 0.031428150396231445
969.49152 0.033043644525526994
970.08972 0.031986540187623834
970.68793 0.03240061331537392
971.28613 0.0294424261762417
971.88434 0.03559932822724333
972.48254 0.03574668954623674
973.08075 0.03529973414069474
973.67896 0.035504943911359124
974.27716 0.03283173651309019
974.87537 0.03798999160892985
975.47357 0.0372684082907183
976.07178 0.036957244513835516
976.66998 0.03902395656616462
977.26819 0.03918106078228157
977.86639 0.0374474340253632
978.4646 0.03932415958378343
979.06281 0.038428421979488765
979.66101 0.03889242745499695
980.25922 0.03824817838270343
980.85742 0.04101759689006724
981.45563 0.040414755130548735
982.05383 0.040138300424668524
982.65204 0.03970047898517984
983.25024 0.04104682558143783
983.84845 0.040393442543091004
984.44666 0.039559206976888625
985.04486 0.040582211174859426
985.64307 0.04516259068505963
986.24127 0.04176779996857915
986.83948 0.04345575689523097
987.43768 0.04237551317665943
988.03589 0.041387826980761426
988.63409 0.036857988749389545
989.2323 0.045431738218097185
989.83051 0.040973753853011344
990.42871 0.04135433577189929
991.02692 0.043246893538145266
991.62512 0.04316529677473569
992.22333 0.04834790911338418
992.82153 0.043092833977379424
993.41974 0.041874971836937995
994.01794 0.043279166884866965
994.61615 0.04758065596490608
995.21436 0.042145337232116
995.81256 0.042840736514308045
996.41077 0.04451834161276612
997.00897 0.04465778682784666
997.60718 0.04089276602067199
998.20538 0.04435880167236829
998.80359 0.043254809642058134
999.40179 0.042930249381630495
1000.0 0.044048855757625946
