# Wavelength_Solis (nm), Spectrum_Andor_Solis
400.0 -0.00023729481924475847
400.59821 0.001699704644736464
401.19641 0.002721211778938326
401.79462 0.00011047337096363493
402.39282 0.0010655974033308465
402.99103 0.000860503342438717
403.58923 0.00032795233891446784
404.18744 0.003590136858176961
404.78564 0.0010239841156136028
405.38385 0.001246417046387917
405.98206 0.0004968824711951832
406.58026 0.0008446506614035766
407.17847 0.0023224177716480747
407.77667 -0.0005211568890302419
408.37488 0.0008743744383444648
408.97308 -0.0005706965172650558
409.57129 0.0025968673120689433
410.16949 -0.00027395414413852075
410.7677 0.0014629052217740538
411.36591 0.0009372897662026786
411.96411 0.0024442852571057165
412.56232 0.0014336768411155137
413.16052 0.0014118794046921953
413.75873 0.0014515111072800466
414.35693 0.000739131253263423
414.95514 0.00459925908532012
415.55334 -0.0008307795654978286
416.15155 0.0020737288379093087
416.74976 0.0014089070269981067
417.34796 0.0020796735932974864
417.94617 0.0012939750894933385
418.54437 0.002471036656352516
419.14258 6.9355479528739426e-06
419.74078 0.002928287424959848
420.33899 0.003983976902643732
420.93719 0.0017566752172065
421.5354 0.0010165531713783806
422.13361 0.0038353580179392903
422.73181 0.0031437848077812886
423.33002 0.004551701042214699
423.92822 0.003464801598742882
424.52643 0.0024219924244000502
425.12463 0.00344151797347252
425.72284 0.005458771635194141
426.32104 0.0032497996122037897
426.91925 0.0017170435146186486
427.51746 0.004040947475113767
428.11566 0.005425084687994467
428.71387 0.0032914128999210336
429.31207 0.00455962738273227
429.91028 0.004636413806496231
430.50848 0.003908676667726815
431.10669 0.004198483492900476
431.7049 0.004923743650258151
432.3031 0.005063445401880326
432.90131 0.00636683302073828
433.49951 0.005647517618768781
434.09772 0.005687149321356632
434.69592 0.007877296285617754
435.29413 0.006020055623094582
435.89233 0.006897402439133135
436.49054 0.006923658442097586
437.08875 0.005558346287946117
437.68695 0.007373973662752045
438.28516 0.00583675899862577
438.88336 0.006830028544733789
439.48157 0.007818839524300675
440.07977 0.006927126216074025
440.67798 0.00785450805662974
441.27618 0.006945951274803254
441.87439 0.009308000749039178
442.4726 0.009251030176569143
443.0708 0.007821316505712415
443.66901 0.01064903848535559
444.26721 0.009591367422542315
444.86542 0.008145801070650445
445.46362 0.009413520157179332
446.06183 0.011705223359321821
446.66003 0.010961633539517266
447.25824 0.013253832137942104
447.85645 0.011644289616593001
448.45465 0.012201115037952308
449.05286 0.012121356236494258
449.65106 0.011444644914806701
450.24927 0.013804217407630884
450.84744 0.012655393428865552
451.44565 0.01226502115837522
452.04385 0.015116026763288756
452.64206 0.01637928728327651
453.24026 0.013713559887961175
453.83847 0.015704062150435998
454.43668 0.01632033512567708
455.03488 0.017054017019834677
455.63309 0.015575754513307831
456.23129 0.01707432826741095
456.8295 0.018429732495915455
457.4277 0.017173902920162926
458.02591 0.015982970257398
458.62411 0.017786212725145224
459.22232 0.02122872149118244
459.82053 0.018405953474362746
460.41873 0.01885973646899364
461.01694 0.019572116323010265
461.61514 0.022238834510890298
462.21335 0.020650594029682164
462.81155 0.020346916108602755
463.40976 0.023473362046501856
464.00797 0.024943202816228784
464.60617 0.02224874243653726
465.20438 0.02437993724319895
465.80258 0.025959755987607164
466.40079 0.0256441885557514
466.99899 0.026346165087838717
467.5972 0.026635971913012372
468.1954 0.0277085048642961
468.79361 0.029526609220513762
469.39182 0.02846249800602996
469.99002 0.02937402716555054
470.58823 0.03193027198246693
471.18643 0.030836436991042247
471.78464 0.03130805425183767
472.38284 0.0337771093230608
472.98105 0.03352742959675733
473.57925 0.03453407484248875
474.17746 0.03588105733419334
474.77567 0.03760156862278843
475.37387 0.04157613299606754
475.97208 0.04325552639322773
476.57028 0.043398200522544
477.16849 0.044796208831330446
477.76669 0.04407293025910216
478.3649 0.0448472346484123
478.9631 0.04905859844465383
479.56131 0.05047444101960481
480.15952 0.048550817255246986
480.75772 0.0505824374091567
481.35593 0.05191059484213206
481.95413 0.052643285943724964
482.55234 0.05650242298321696
483.15054 0.05637015217583002
483.74875 0.05851819045609154
484.34695 0.05951344158732895
484.94516 0.058546923440467726
485.54337 0.05859448148357315
486.14157 0.06382190305491071
486.73978 0.06493902167160576
487.33798 0.0659313004251491
487.93619 0.06574602221555088
488.53439 0.07065440858105625
489.1326 0.07141236489304889
489.7308 0.07330279710648939
490.32901 0.0729941652225865
490.92722 0.0750995994225661
491.52542 0.07375608470483794
492.12363 0.07946057289607676
492.72183 0.07922476426567904
493.32004 0.0789835062761755
493.91824 0.08187909754650037
494.51645 0.0837720067413526
495.11465 0.08660022411727812
495.71286 0.08660616887266631
496.31107 0.08999517484020993
496.90927 0.09134760669102035
497.50748 0.09256083218649094
498.10568 0.09359769660544559
498.70389 0.0968445238399553
499.30209 0.09650715897167621
499.9003 0.09725124418776311
500.4985 0.10428933917108313
501.09671 0.10562988151111719
501.69492 0.10565663291036398
502.29312 0.1056898244612813
502.89133 0.11057839497549274
503.48953 0.11029948686853074
504.08774 0.11229345690498199
504.68594 0.1103247520789305
505.28415 0.11300930453297506
505.88235 0.11264766524686091
506.48056 0.1172865560347689
507.07877 0.11873410397179016
507.67697 0.12013607545083539
508.27518 0.1211694720958136
508.87338 0.12553242715445365
509.47159 0.12838491894821424
510.06979 0.1283403332828029
510.668 0.13362026686006936
511.2662 0.13295643584172287
511.86441 0.13539428094715805
512.46259 0.13582626650536564
513.06079 0.13611656872682165
513.659 0.13812341906661393
514.2572 0.13816602314689588
514.85541 0.13898342701277033
515.45361 0.14373477275677132
516.05182 0.14282671137122718
516.65002 0.14332260304985767
517.24823 0.146568934888085
517.84644 0.1486936895430762
518.44464 0.15243591305993404
519.04285 0.15180031962968135
519.64105 0.1502115837521909
520.23926 0.15281043264938923
520.83746 0.15470284644795912
521.43567 0.15664281828963442
522.03387 0.16101221349994502
522.63208 0.16281793294910396
523.23029 0.16408614743191519
523.82849 0.1632083052195943
524.4267 0.1664610772094922
525.0249 0.16764804670199832
525.62311 0.1741159405643356
526.22131 0.17469060025185948
526.81952 0.17641557010699568
527.41772 0.176693487421393
528.01593 0.17957619838837682
528.61414 0.18565817854676492
529.21234 0.18803707149460067
529.81055 0.1886290700520067
530.40875 0.19204334122995007
531.00696 0.1972816615194993
531.60516 0.202268815893898
532.20337 0.20023719573998827
532.80157 0.20249867976890754
533.39978 0.20610566010068435
533.99799 0.20781477727478542
534.59619 0.20494890978140143
535.1944 0.21202762725987398
535.7926 0.20870549979044734
536.39081 0.21042056171993664
536.98901 0.21431685348060472
537.58722 0.21458486286935508
538.18542 0.22020166591861828
538.78363 0.2186005451340691
539.38184 0.22209556590603519
539.98004 0.22859466973416045
540.57825 0.2311494283622298
541.17645 0.22808589775218888
541.77466 0.2387319638598504
542.37286 0.23838865423618313
542.97107 0.24026224297602378
543.56927 0.24691838742565342
544.16748 0.24831193716789873
544.76569 0.2492923264106657
545.36389 0.2500864466512697
545.9621 0.2574519985772219
546.5603 0.2625124716014081
547.15851 0.26689276552993035
547.75671 0.26738469403830206
548.35492 0.27149053842640347
548.95312 0.27438761588557536
549.55133 0.27628102047670994
550.14954 0.28372286343014363
550.74774 0.2830818206407852
551.34595 0.2839705615713177
551.94415 0.2860135758397215
552.54236 0.29286540182087856
553.14056 0.29852233196901196
553.73877 0.29894639118670197
554.33698 0.3027277510098653
554.93518 0.3057635394280947
555.53339 0.31526573551981435
556.13159 0.3134045316870324
556.7298 0.32408131236419946
557.328 0.32794639415907967
557.92621 0.3275644436253893
558.52441 0.33370735752650615
559.12262 0.33188479460374737
559.72083 0.3385399482608123
560.31903 0.340181691540514
560.91724 0.3423376561612931
561.51544 0.3486088776995382
562.11365 0.3619910174746085
562.71185 0.3641638255689874
563.31006 0.3744120884619233
563.90826 0.3772259393456608
564.50647 0.3840718205714297
565.10468 0.3827481217049955
565.70288 0.39334662976955154
566.30109 0.3964210590978041
566.89929 0.393495248654256
567.4975 0.3997555714742894
568.0957 0.4060248114274051
568.69391 0.40988791163715593
569.29211 0.4109014924308402
569.89032 0.4155938860172418
570.48853 0.4160238899903199
571.08673 0.42534576183526485
571.68494 0.42774793840837094
572.28314 0.4345318950988464
572.88135 0.4428377091686953
573.47955 0.44498178427869806
574.07776 0.442114430596467
574.67596 0.455331108013233
575.27417 0.4537443537208719
575.87238 0.46138534597980957
576.47058 0.4612174066400936
577.06879 0.46615403059369276
577.66699 0.4662922461564679
578.2652 0.4681727704442614
578.8634 0.4727700479444522
579.46161 0.4741051409253804
580.05981 0.47368306329281984
580.65802 0.4778845191634144
581.25623 0.48251350202567544
581.85443 0.4849449069794401
582.45264 0.4848735699147819
583.05084 0.4924625455640731
583.64905 0.4894530131488081
584.24725 0.49186410685499654
584.84546 0.49305454412147903
585.44366 0.4924417389202145
586.04187 0.4958812753085576
586.64008 0.4955186452298787
587.23828 0.4978579064751267
587.83649 0.49707914351927535
588.43469 0.4988437450769994
589.0329 0.504438255293557
589.6311 0.5002041032683274
590.22931 0.5077930789176185
590.82751 0.510349323734535
591.42572 0.506232580628222
592.02393 0.512449803971691
592.62213 0.5125147008846787
593.22034 0.5103760751337817
593.81854 0.5152482975706757
594.41675 0.5156490731630953
595.01495 0.5222963004796427
595.61316 0.519954562252983
596.21136 0.5362877776820012
596.80957 0.5339817079876705
597.40778 0.537341980970838
598.00598 0.5451969844237501
598.60419 0.5478914448034415
599.20239 0.5481470692851332
599.8006 0.5548046999236098
600.3988 0.5600380662503356
600.99701 0.5631759063027287
601.59521 0.5629054199325666
602.19342 0.5657925894660916
602.79163 0.5752284024559766
603.38983 0.5772897463868272
603.98804 0.5817413773800076
604.58624 0.579369915376407
605.18445 0.5828793026405612
605.78265 0.5882984425731675
606.38086 0.5884069343590018
606.97906 0.58864918314107
607.57727 0.5896563237830837
608.17548 0.5912301977721038
608.77368 0.5950407859759257
609.37189 0.605088908770793
609.97009 0.6059920161935136
610.5683 0.6108800913114427
611.1665 0.6126640133241784
611.76471 0.6163710637049895
612.36292 0.6172236407069107
612.96112 0.6244207578968644
613.55933 0.6277522978956557
614.15753 0.6286217183711766
614.75574 0.6265053854529854
615.35394 0.6299449218413284
615.95215 0.6396378455017522
616.55035 0.6385033880151749
617.14856 0.6402897870093223
617.74677 0.6377484040808764
618.34497 0.637041968982248
618.94318 0.6401892215640057
619.54138 0.6415218375635222
620.13959 0.6444748948025995
620.73779 0.6461978830726062
621.336 0.644637880179492
621.9342 0.6416491544080857
622.53241 0.6408411630715758
623.13062 0.6401272970287122
623.72882 0.6353189807122411
624.32703 0.6391508709562039
624.92523 0.6353120451642882
625.52344 0.6343742600018032
626.12164 0.6398057848414682
626.71985 0.6396839173560106
627.31805 0.6368230038254501
627.91626 0.6400272269796778
628.51447 0.6379237743648277
629.11267 0.6374041036646444
629.71088 0.6469771414247399
630.30908 0.6428177942381449
630.90729 0.6390577364551225
631.50549 0.6479213667388954
632.1037 0.6494115187561986
632.7019 0.6459427539871969
633.30011 0.6497102427144545
633.89832 0.6520995389842197
634.49652 0.6502507200584964
635.09473 0.6473209464446895
635.69293 0.654130663741847
636.29114 0.6531383849883037
636.88934 0.657242743187558
637.48755 0.6568394906137267
638.08575 0.6555455155242332
638.68396 0.6629343510754557
639.28217 0.6600734375448952
639.88037 0.6719139040892981
640.47858 0.6759588147346707
641.07678 0.6768643991388031
641.67499 0.686706932476496
642.27319 0.6909509924273725
642.8714 0.6902138427592384
643.4696 0.7075814456257994
644.06781 0.7118507707870757
644.66602 0.7202343620732532
645.26422 0.7189398915874775
645.86243 0.7391139143935408
646.46063 0.7356367278877392
647.05884 0.7359934132110298
647.65704 0.7408269947379006
648.25525 0.74228048743031
648.85345 0.7532431117623921
649.45166 0.7594791601645904
650.04987 0.7762597184365689
650.64807 0.7766971533538823
651.24628 0.7852595826979876
651.84448 0.7856504503647603
652.44269 0.7948796831049061
653.04089 0.7948296480803889
653.6391 0.790592028281183
654.2373 0.8013545125151963
654.83551 0.8024077250114684
655.43372 0.8154004833086131
656.03192 0.8209236564605124
656.63013 0.8196068931420312
657.22833 0.8209385183489828
657.82654 0.8214646292008366
658.42474 0.8293092293318194
659.02295 0.8284368364786042
659.62115 0.8265018185997526
660.21936 0.8313522436002232
660.81757 0.8272815723481685
661.41577 0.820608584424939
662.01398 0.8250825082508251
662.61218 0.8220432520586193
663.21039 0.8228304367512704
663.80859 0.8249730256724261
664.4068 0.8233411903183713
665.005 0.835296588800279
665.60321 0.8305412798860191
666.20142 0.8319026288699118
666.79962 0.8401182808163733
667.39783 0.836121919006671
667.99603 0.8414082927356079
668.59424 0.8425541443366792
669.19244 0.8412542244917977
669.79065 0.8400023580863039
670.38885 0.8453075568739701
670.98706 0.8437465631882912
671.58527 0.8426695716704663
672.18347 0.8427210928838305
672.78168 0.8472460425267984
673.37988 0.8467778930399794
673.97809 0.8445941862273889
674.57629 0.8461348686654915
675.1745 0.8461195113807388
675.77271 0.8468086076094851
676.37091 0.8491716478762855
676.96912 0.8525883960356407
677.56732 0.8529242747150727
678.16553 0.8552278674279916
678.76373 0.8544164083175054
679.36194 0.8551847679514273
679.96014 0.8554978584018713
680.55835 0.8666076154298108
681.15656 0.8611111936771582
681.75476 0.862828732588059
682.35297 0.8659754897735344
682.95117 0.8636149264881458
683.54938 0.8744551879384876
684.14758 0.8745294973808398
684.74579 0.8708095666966877
685.34399 0.8739508745230572
685.9422 0.8782618129720507
686.54041 0.8809196140268484
687.13861 0.8811816786602106
687.73682 0.8839658057670072
688.33502 0.8884402249891756
688.93323 0.8871447637108352
689.53143 0.8965835490784143
690.12964 0.894218031830202
690.72784 0.892815069558592
691.32605 0.8947832789883612
691.92426 0.9101678105366826
692.52246 0.9108757318241582
693.12067 0.9129469836806556
693.71887 0.9165574317864089
694.31708 0.9223456419493645
694.91528 0.9264306796936073
695.51349 0.9296408476032232
696.11169 0.9384465165219613
696.7099 0.9358100175073046
697.30811 0.9472130491343941
697.90631 0.9499971762411905
698.50452 0.9540846909668451
699.10272 0.9564561529704456
699.70093 0.9614973055396203
700.29913 0.9639683421959727
700.89734 0.9638117969707507
701.49554 0.9723821526553735
702.09375 0.9781911694621879
702.69196 0.9817644628467649
703.29016 0.9857682556007027
703.88837 0.9866198418100591
704.48657 0.9856830474401388
705.08478 0.9846511369840075
705.68298 0.9900043892110616
706.28113 0.9843558807997281
706.87933 0.980762771563857
707.47754 0.985602297846116
708.07574 0.9890393572530475
708.67395 0.9836221989055705
709.27216 0.9947720830323802
709.87036 0.9931060653348434
710.46857 0.9970731987638871
711.06677 0.9887668892977559
711.66498 0.9909862646426756
712.26318 0.9944431399009008
712.86139 0.9956251554305835
713.45959 0.9919240498051606
714.0578 0.9953863744224918
714.65601 1.0
715.25421 0.9965822610480801
715.85242 0.9941894970043387
716.45062 0.9940785282370928
717.04883 0.987002287740032
717.64703 0.9881897526288203
718.24524 0.9885776479178989
718.84344 0.9909520822991936
719.44165 0.9816599342311896
720.03986 0.9791720541012372
720.63806 0.979536170368763
721.23627 0.9793092788714477
721.83447 0.975620062756801
722.43268 0.9820339584243624
723.03088 0.9757141880504472
723.62909 0.9739669253626053
724.22729 0.9659841096688474
724.8255 0.9609954691056016
725.42371 0.9622750777029068
726.02191 0.9611123826282358
726.62012 0.9482449595905252
727.21832 0.9465774557041413
727.81653 0.9461568642604279
728.41473 0.939170290490472
729.01294 0.9349450555983246
729.61115 0.9338636055139587
730.20935 0.9301590321145594
730.80756 0.9202332722014321
731.40576 0.9156969284439702
732.00397 0.9147115852383798
732.60217 0.9080390927114326
733.20038 0.9000057465968752
733.79858 0.902653639726026
734.39679 0.900524921900776
734.995 0.8943874573587649
735.5932 0.8959702484808673
736.19141 0.8882851659528006
736.78961 0.8869243123651903
737.38782 0.8800358270591393
737.98602 0.8731106824281949
738.58423 0.8744091160842292
739.18243 0.8745532764023926
739.78064 0.8731869734556763
740.37885 0.8768870882885347
740.97705 0.8705742534625723
741.57526 0.8775969911611394
742.17346 0.8736016201440019
742.77167 0.8746077699934508
743.36987 0.8763267950931989
743.96808 0.8764293421236449
744.56628 0.8798718508896822
745.16449 0.8830181126788752
745.7627 0.8797217458161306
746.3609 0.8833029655412253
746.95911 0.882932409122029
747.55731 0.8909286005154102
748.15552 0.8925926366278176
748.75372 0.8945177465810226
749.35193 0.9077071772022594
749.95013 0.9093746810886432
750.54834 0.9087930858531665
751.14655 0.9174704471347765
751.74475 0.9213167038709275
752.34296 0.9212012765371405
752.94116 0.9274214722583035
753.53937 0.9237629707131626
754.13757 0.9293604533074141
754.73578 0.9360626696113021
755.33398 0.935211578798228
755.93219 0.9386511151865712
756.5304 0.9389181337827568
757.1286 0.9493903157953141
757.72681 0.9498966107958738
758.32501 0.9591402100282078
758.92322 0.9539955196360225
759.52142 0.9596073687224621
760.11963 0.96080523693318
760.71783 0.9589603811777154
761.31604 0.9645509282240142
761.91425 0.9614096203976447
762.51245 0.9646881529942247
763.11066 0.9702821678144998
763.70886 0.9755308914259784
764.30707 0.9735621865999268
764.90527 0.9684383028515999
765.50348 0.9719798908741069
766.10168 0.9648957240365285
766.69989 0.9662843198159503
767.2981 0.9679731257424751
767.8963 0.9648303317272586
768.49451 0.9701345397223601
769.09271 0.963797925874845
769.69092 0.961388813753786
770.28912 0.9643388986151691
770.88733 0.9594369524013344
771.48553 0.9561286960278135
772.08374 0.951873241962443
772.68195 0.9503617879049988
773.28015 0.9354384702955435
773.87836 0.9312751599386897
774.47656 0.9288779373284072
775.07477 0.927746452219524
775.67297 0.9230297842152874
776.27118 0.9142107395969258
776.86938 0.9087593989059668
777.46759 0.9080856599619734
778.0658 0.9030742311697396
778.664 0.8956754876928701
779.26221 0.8895033454110947
779.86041 0.8849927622603149
780.45862 0.8733103271299811
781.05682 0.8671505697552643
781.65503 0.8638021862828732
782.25323 0.8619137356545622
782.85144 0.850980835099421
783.44965 0.8399493506840926
784.04785 0.8400563562810798
784.64606 0.8267311870784796
785.24426 0.8236488314097096
785.84247 0.8115522449873327
786.44067 0.8040955401454285
787.03888 0.8018910266889793
787.63708 0.8039365179387947
788.23529 0.7945740235986972
788.8335 0.7941053787155959
789.4317 0.7896993241803916
790.02991 0.7923303738359426
790.62811 0.7814420589462128
791.22632 0.7796214776085834
791.82452 0.7747611446824658
792.42273 0.7737559856255815
793.02094 0.7688664243188053
793.61914 0.7654006319274977
794.21735 0.7592914049735805
794.81555 0.7571453482784484
795.41376 0.7568644585863569
796.01196 0.755776072954038
796.61017 0.7507542408398751
797.20837 0.7511198432962479
797.80658 0.7411623780210503
798.40479 0.731176675157759
799.00299 0.7262826552844416
799.6012 0.7228649163325218
800.1994 0.7149024118863402
800.79761 0.7120414983557797
801.39581 0.6985696918536044
801.99402 0.6967070018319754
802.59222 0.6810717997647858
803.19043 0.6821106457688698
803.78864 0.6746123276392484
804.38684 0.6689137842033979
804.98505 0.638241818778095
805.58325 0.631967624862156
806.18146 0.6212021682504486
806.77966 0.6085116016855363
807.37787 0.5909235474733303
807.97607 0.5820633849635339
808.57428 0.5724383305937919
809.17249 0.5616540489233552
809.77069 0.5507315516901434
810.3689 0.5407993516253456
810.9671 0.5068310193372985
811.56531 0.50441992563111
812.16351 0.4781555009298588
812.76172 0.46741431873598643
813.35992 0.452398362021732
813.95813 0.43378830527904183
814.55634 0.42409191384464173
815.15454 0.41936781489616987
815.75275 0.4110357448233566
816.35095 0.4031747966150563
816.94916 0.3957616866459987
817.54736 0.39369984731886576
818.14557 0.38851354363896307
818.74377 0.38900249976964074
819.34198 0.3889836747109115
819.94019 0.39133383467437105
820.53839 0.3958701784318329
821.1366 0.4040803810191887
821.7348 0.41132901942250666
822.33301 0.41155442473097503
822.93121 0.41471604380492083
823.52942 0.425730189350367
824.12762 0.4287367493879379
824.72583 0.42547506026495774
825.32404 0.44534441435737687
825.92224 0.4518217207490788
826.52045 0.45350458192021537
827.11865 0.4574266342875656
827.71686 0.4604792661793949
828.31506 0.45535885020504446
828.91327 0.4657334391499792
829.51147 0.4645752026418493
830.10968 0.4612416810579286
830.70789 0.46194613457142775
831.30609 0.46578595115590815
831.9043 0.4565636539637151
832.5025 0.46070219450645156
833.10071 0.4555996127982657
833.69891 0.4510186833753925
834.29712 0.4433231975253965
834.89532 0.4462613928760033
835.49353 0.43486876457084317
836.09174 0.42975776112585745
836.68994 0.4215530078976075
837.28815 0.41316793042258293
837.88635 0.4149186608844012
838.48456 0.4037484655100154
839.08276 0.3829581697287111
839.68097 0.37452652500314576
840.27917 0.3665887903710815
840.87738 0.3546418136259738
841.47559 0.34943817107618896
842.07379 0.33142556225001063
842.672 0.3216137434818234
843.2702 0.3110573441012669
843.86841 0.2986808587793634
844.46661 0.29120830125642405
845.06482 0.27014008816072244
845.66302 0.24543318937117367
846.26123 0.23770698895167208
846.85944 0.22809332869642412
847.45764 0.21594621185324778
848.05585 0.19328728129492626
848.65405 0.18110053274916205
849.25226 0.17269415323399648
849.85046 0.16655024854031486
850.44867 0.1551318596284726
851.04688 0.1482874645915507
851.64508 0.13352465537757618
852.24329 0.11972737351789818
852.84149 0.11492351576796826
853.4397 0.10740439099448823
854.0379 0.10297901600427228
854.63611 0.10060606781182471
855.23431 0.09888852890092371
855.83252 0.09851153233005677
856.43073 0.09577199088867157
857.02893 0.09573879933775424
857.62714 0.09561495026716721
858.22534 0.10052531821780196
858.82355 0.10380236462553491
859.42175 0.10579683005826851
860.01996 0.1083961743517492
860.61816 0.1109063473144072
861.21637 0.11448261307667841
861.81458 0.11543575552391624
862.41278 0.11851464341870993
863.01099 0.12081080518739355
863.60919 0.12475316880232004
864.2074 0.12740155732775318
864.8056 0.1283403332828029
865.40381 0.1267511020090301
866.00201 0.13107937932790575
866.60022 0.12947231378796842
867.19843 0.13224009281744747
867.79663 0.13342458532854184
868.39484 0.13373916196783292
868.99304 0.13152969454856023
869.59125 0.13072219860833276
870.18945 0.12893134104764425
870.78766 0.12873813649752847
871.38586 0.1262562011229643
871.98407 0.12205771763006382
872.58228 0.1233293998868515
873.18048 0.11865731754802618
873.77869 0.1187365809532019
874.37689 0.11526484380650613
874.9751 0.11275268925871873
875.5733 0.11091724603261888
876.17151 0.10768973925312074
876.76971 0.10498041698495877
877.36792 0.102935916527708
877.96613 0.09835647329368181
878.56433 0.09909808152835699
879.16254 0.08989114162091681
879.76074 0.08449776229499263
880.35895 0.08164081193469092
880.95715 0.0794055839087361
881.55536 0.0732978431436659
882.15356 0.07009163840430875
882.75177 0.066631295372107
883.34998 0.06392445008535677
883.94818 0.05661834571328643
884.54639 0.0560139622488217
885.14459 0.04984925091128146
885.7428 0.05008605033424387
886.341 0.04209728988509778
886.93921 0.040346064026997114
887.53741 0.036276878963789505
888.13562 0.036040079540827094
888.73383 0.03210266988872409
889.33203 0.03096226764675867
889.93024 0.029354211314256612
890.52844 0.02829059549605516
891.12665 0.02773822864123698
891.72485 0.024974908178299067
892.32306 0.02600384625673615
892.92126 0.024195649826165445
893.51947 0.0257779455519854
894.11768 0.023525378656148413
894.71588 0.025553531036081694
895.31409 0.025112132948509502
895.91229 0.025912197944501742
896.5105 0.026416015963649803
897.1087 0.02708727792623153
897.70691 0.029798086383240545
898.30511 0.029228876054822533
898.90332 0.02862597877920485
899.50153 0.0343349255369848
900.09973 0.03253118767295522
900.69794 0.03370478146583797
901.29614 0.0331236816266436
901.89435 0.03609457313188539
902.49255 0.03694665473752418
903.09076 0.03733950398942626
903.68896 0.03708734728171106
904.28717 0.04096828175762638
904.88538 0.040083999393634946
905.48358 0.03983729204502558
906.08179 0.03823666665675874
906.67999 0.04028067171772716
907.2782 0.03879497826696509
907.8764 0.041345278328493315
908.47461 0.04010084286723479
909.07281 0.04141265222289266
909.67102 0.03907388637392709
910.26917 0.038662707459578144
910.86737 0.037278074850415094
911.46558 0.03804544369177236
912.06378 0.04009489811184661
912.66199 0.035496629819091186
913.26019 0.03812867026720684
913.8584 0.03663455507964486
914.4566 0.03431659587453792
915.05481 0.03735981523700253
915.65302 0.03600044783823925
916.25122 0.03533661681989273
916.84943 0.034904135865402815
917.44763 0.03352941118188673
918.04584 0.033466495854028507
918.64404 0.0331236816266436
919.24225 0.031516616086706244
919.84045 0.029843167444934225
920.43866 0.031321429951461074
921.03687 0.030845849520406858
921.63507 0.032382568788250785
922.23328 0.0287716252862152
922.83148 0.029468152459196685
923.42969 0.028126123930315577
924.02789 0.026752885435646533
924.6261 0.029863478692510503
925.2243 0.027718412789943057
925.82251 0.028919748774637294
926.42072 0.02722995205554779
927.01892 0.02537370218558932
927.61713 0.026246590435086734
928.21533 0.026041991770476954
928.81354 0.02699562961399712
929.41174 0.025103215815427234
930.00995 0.02689308258355106
930.60815 0.024552830545738452
931.20636 0.025618427949069298
931.80457 0.024719283696607426
932.40277 0.02456372926395011
933.00098 0.024253115794917828
933.59918 0.023322761576668023
934.19739 0.024786162194724425
934.79559 0.02448149348108032
935.3938 0.023043853469706024
935.992 0.024206548544377104
936.59021 0.02355014847026582
937.18842 0.02338765848965563
937.78662 0.026094999172688208
938.38483 0.023633870441982653
938.98303 0.02403117826042586
939.58124 0.024496355369550766
940.17944 0.025541641525305338
940.77765 0.024451274307857082
941.37585 0.027889819903635517
941.97406 0.026724152451270345
942.57227 0.026874752921104177
943.17047 0.025537182958764205
943.76868 0.026527480127178135
944.36688 0.02991896307613349
944.96509 0.027561867564721048
945.56329 0.0283599509755839
946.1615 0.02908025717011809
946.7597 0.02870623297694525
947.35791 0.031085621321063357
947.95612 0.02982681936761674
948.55432 0.029534535561031333
949.15253 0.030617471834244365
949.75073 0.03048074246031628
950.34894 0.029552369827195866
950.94714 0.030109195248555175
951.54535 0.0328972855256105
952.14355 0.03104598961847551
952.74176 0.03220075835262902
953.33997 0.033418937810923095
953.93817 0.03281851751671715
954.53638 0.031392767016119205
955.13458 0.03302559316273867
955.73279 0.0335239618227809
956.33099 0.033372370560382364
956.9292 0.033931177566871064
957.5274 0.03382367657360152
958.12561 0.034231883110256385
958.72382 0.03421949820319768
959.32202 0.032622835985189634
959.92023 0.034810010571756665
960.51843 0.03550207917819701
961.11664 0.03474015969594558
961.71484 0.03513598132554174
962.31305 0.03384497861374249
962.91125 0.036523586312398874
963.50946 0.034303715571196866
964.10767 0.035293517343328445
964.70587 0.035691320558054004
965.30408 0.03546393366445621
965.90228 0.034014404142305554
966.50049 0.03672075403277344
967.09869 0.03634425285818885
967.6969 0.036393297090141316
968.2951 0.03510477135975381
968.89331 0.03612528770139097
969.49152 0.035688348180359916
970.08972 0.03638437995705905
970.68793 0.036577584507174826
971.28613 0.035222675674952665
971.88434 0.03727658866156805
972.48254 0.03596032073936904
973.08075 0.035808729476970516
973.67896 0.036264989453013145
974.27716 0.03882222506249424
974.87537 0.036171854951931696
975.47357 0.036689048670703155
976.07178 0.03604206112595648
976.66998 0.036247650583130966
977.26819 0.03670935991827943
977.86639 0.03549811600793823
978.4646 0.03669895659635011
979.06281 0.03671332308853822
979.66101 0.034543487371853365
980.25922 0.03622585314670764
980.85742 0.037367741577520104
981.45563 0.0370085792728177
982.05383 0.03680051283423149
982.65204 0.03865279953393118
983.25024 0.03468764769001668
983.84845 0.036370013464870954
984.44666 0.03700213912114718
985.04486 0.037435610868201796
985.64307 0.03696547979625341
986.24127 0.037266185339638734
986.83948 0.03839866124108658
987.43768 0.03736080602956723
988.03589 0.03784034963088023
988.63409 0.03774622433723408
989.2323 0.03716958306458085
989.83051 0.038685495688566156
990.42871 0.03824013443073518
991.02692 0.03823666665675874
991.62512 0.03838974410800431
992.22333 0.03768182282052882
992.82153 0.03864834096739004
993.41974 0.037815579816762826
994.01794 0.037780406680716104
994.61615 0.0376208890778
995.21436 0.03852696887821475
995.81256 0.03845166864329783
996.41077 0.04068689666925263
997.00897 0.03857849009157895
997.60718 0.04189120503164096
998.20538 0.03957225503396932
998.80359 0.03946029547415864
999.40179 0.039776358302296755
1000.0 0.03950587193213467
