# wavelength, intensity
4.009297000000000253e+02 2.798599853515625000e+02
4.015447844155844450e+02 2.797040292689258649e+02
4.021598688311688647e+02 2.797059112182897707e+02
4.027749532467532845e+02 2.798330578073538959e+02
4.033900376623377042e+02 2.792262724372808407e+02
4.040051220779221239e+02 2.804955548001694865e+02
4.046202064935065437e+02 2.792628414335583784e+02
4.052352909090909066e+02 2.806286715202693358e+02
4.058503753246753263e+02 2.808369292656201424e+02
4.064654597402597460e+02 2.805061164915102836e+02
4.070805441558441657e+02 2.811595561700149233e+02
4.076956285714285855e+02 2.816400146484375000e+02
4.083107129870130052e+02 2.807090644166038373e+02
4.089257974025974249e+02 2.813918717174120729e+02
4.095408818181818447e+02 2.822242316784084437e+02
4.101559662337662644e+02 2.828715735429771030e+02
4.107710506493506841e+02 2.818371945307887358e+02
4.113861350649351039e+02 2.827935097084375116e+02
4.120012194805195236e+02 2.839795032019616201e+02
4.126163038961039433e+02 2.829172788368438205e+02
4.132313883116883062e+02 2.842548533462291402e+02
4.138464727272727259e+02 2.840131154778133578e+02
4.144615571428571457e+02 2.846247161961372285e+02
4.150766415584415654e+02 2.844579103934411819e+02
4.156917259740259851e+02 2.844120239846041045e+02
4.163068103896104049e+02 2.838220809418098725e+02
4.169218948051948246e+02 2.848363049265335576e+02
4.175369792207792443e+02 2.848549356687598220e+02
4.181520636363636640e+02 2.860114740502501149e+02
4.187671480519480838e+02 2.855646042926368864e+02
4.193822324675325035e+02 2.862006981767227103e+02
4.199973168831169232e+02 2.863457160769227130e+02
4.206124012987013430e+02 2.860099923175087042e+02
4.212274857142857627e+02 2.870916226184162952e+02
4.218425701298701824e+02 2.876706464671298704e+02
4.224576545454545453e+02 2.875124855793661141e+02
4.230727389610389650e+02 2.883826878058392822e+02
4.236878233766233848e+02 2.884593388092096689e+02
4.243029077922078045e+02 2.894522289035830340e+02
4.249179922077922242e+02 2.896608976959364554e+02
4.255330766233766440e+02 2.886179301391134118e+02
4.261481610389610637e+02 2.891745228200787210e+02
4.267632454545454834e+02 2.887497218546059798e+02
4.273783298701299032e+02 2.894701751884704777e+02
4.279934142857143229e+02 2.904017546109579939e+02
4.286084987012987426e+02 2.898222203021535961e+02
4.292235831168831623e+02 2.904826433836112187e+02
4.298386675324675252e+02 2.891416532743407402e+02
4.304537519480519450e+02 2.906428035179347376e+02
4.310688363636363647e+02 2.896612170982577368e+02
4.316839207792207844e+02 2.909278832783706434e+02
4.322990051948052042e+02 2.913644093367920505e+02
4.329140896103896239e+02 2.902989018465860340e+02
4.335291740259740436e+02 2.912866605962511244e+02
4.341442584415584633e+02 2.916734572762535436e+02
4.347593428571428831e+02 2.924707942973626018e+02
4.353744272727273028e+02 2.919833804443229042e+02
4.359895116883117225e+02 2.920449769731611696e+02
4.366045961038961423e+02 2.915629026719768717e+02
4.372196805194805620e+02 2.923877615931625655e+02
4.378347649350649817e+02 2.927559609102085005e+02
4.384498493506494015e+02 2.908178470383238050e+02
4.390649337662337643e+02 2.937647441429738251e+02
4.396800181818181841e+02 2.925006411909942585e+02
4.402951025974026038e+02 2.934183724988771473e+02
4.409101870129870235e+02 2.933666401922599789e+02
4.415252714285714433e+02 2.942122014401922456e+02
4.421403558441558630e+02 2.922468052878669482e+02
4.427554402597402827e+02 2.936373946042906482e+02
4.433705246753247025e+02 2.927184914018001223e+02
4.439856090909091222e+02 2.923731961299764066e+02
4.446006935064935419e+02 2.932136711643404396e+02
4.452157779220779616e+02 2.944393490379754326e+02
4.458308623376623814e+02 2.935956503120242473e+02
4.464459467532467443e+02 2.929105735562497443e+02
4.470610311688311640e+02 2.936574225719664923e+02
4.476761155844155837e+02 2.941249612335445249e+02
4.482912000000000035e+02 2.951930107658517386e+02
4.489062844155844232e+02 2.943815007271110744e+02
4.495213688311688429e+02 2.948203955135422234e+02
4.501364532467532626e+02 2.942540350241405349e+02
4.507515376623376824e+02 2.948855125293547985e+02
4.513666220779221021e+02 2.972178615828424881e+02
4.519817064935065218e+02 2.980999288605395918e+02
4.525967909090909416e+02 2.939908267266974917e+02
4.532118753246753613e+02 2.943872958944781431e+02
4.538269597402597810e+02 2.948068520573900173e+02
4.544420441558442008e+02 2.949355616000901250e+02
4.550571285714286205e+02 2.937173865150716097e+02
4.556722129870129834e+02 2.958884462639495041e+02
4.562872974025974031e+02 2.943672380785224618e+02
4.569023818181818228e+02 2.938081915606121015e+02
4.575174662337662426e+02 2.942152271001194777e+02
4.581325506493506623e+02 2.949141455891614214e+02
4.587476350649350820e+02 2.937184209473895180e+02
4.593627194805195018e+02 2.943295462548099408e+02
4.599778038961039215e+02 2.935515041025242340e+02
4.605928883116883412e+02 2.941179515824264286e+02
4.612079727272727609e+02 2.941018668884364615e+02
4.618230571428571807e+02 2.937674814595051203e+02
4.624381415584416004e+02 2.955975409203747972e+02
4.630532259740259633e+02 2.939937830755562800e+02
4.636683103896103830e+02 2.961010389147571686e+02
4.642833948051948028e+02 2.941568962975982231e+02
4.648984792207792225e+02 2.961661800876416919e+02
4.655135636363636422e+02 2.948799496596417384e+02
4.661286480519480619e+02 2.960588657875420608e+02
4.667437324675324817e+02 2.965053036552805565e+02
4.673588168831169014e+02 2.964650421047484201e+02
4.679739012987013211e+02 2.958335115529850441e+02
4.685889857142857409e+02 2.967077496682654782e+02
4.692040701298701606e+02 2.959702283258839088e+02
4.698191545454545803e+02 2.970452130194049118e+02
4.704342389610390001e+02 2.958808942548942582e+02
4.710493233766234198e+02 2.977964150253122853e+02
4.716644077922078395e+02 2.972121817030011925e+02
4.722794922077922593e+02 2.980004307819247060e+02
4.728945766233766221e+02 2.989983659003469256e+02
4.735096610389610419e+02 2.992563661826877137e+02
4.741247454545454616e+02 3.000438773175678762e+02
4.747398298701298813e+02 2.997178876233884353e+02
4.753549142857143011e+02 2.999320253121679798e+02
4.759699987012987208e+02 2.992891678220450444e+02
4.765850831168831405e+02 3.003868009885475772e+02
4.772001675324675602e+02 2.995350608910313781e+02
4.778152519480519800e+02 3.017581270213162838e+02
4.784303363636363997e+02 3.014407365949071504e+02
4.790454207792207626e+02 3.014567136068709488e+02
4.796605051948051823e+02 3.007880014043669235e+02
4.802755896103896021e+02 3.025539724772219188e+02
4.808906740259740218e+02 3.024688096769007188e+02
4.815057584415584415e+02 3.035510920634354193e+02
4.821208428571428612e+02 3.041074228163840303e+02
4.827359272727272810e+02 3.042551151509377405e+02
4.833510116883117007e+02 3.048542610124905536e+02
4.839660961038961204e+02 3.045244651756588041e+02
4.845811805194805402e+02 3.053088181561731176e+02
4.851962649350649599e+02 3.065950021951782105e+02
4.858113493506493796e+02 3.074169837158041219e+02
4.864264337662337994e+02 3.078257710698156870e+02
4.870415181818182191e+02 3.094203521456948351e+02
4.876566025974026388e+02 3.095028961822162046e+02
4.882716870129870586e+02 3.112907957789295210e+02
4.888867714285714783e+02 3.092739372452153930e+02
4.895018558441558412e+02 3.110971826740798178e+02
4.901169402597402609e+02 3.106222704097135079e+02
4.907320246753246806e+02 3.116731645169660965e+02
4.913471090909091004e+02 3.120300023436265633e+02
4.919621935064935201e+02 3.134248657865562677e+02
4.925772779220779398e+02 3.120304978657336505e+02
4.931923623376623596e+02 3.144232548727167682e+02
4.938074467532467793e+02 3.137058461817786110e+02
4.944225311688311990e+02 3.164677994749665686e+02
4.950376155844156187e+02 3.165484425896353287e+02
4.956526999999999816e+02 3.169215328341024360e+02
4.962677844155844014e+02 3.180290687540991712e+02
4.968828688311688211e+02 3.188933201443457506e+02
4.974979532467532408e+02 3.185079890507735740e+02
4.981130376623376605e+02 3.204332329580113878e+02
4.987281220779220803e+02 3.219565299879201348e+02
4.993432064935065000e+02 3.207740320461994656e+02
4.999582909090909197e+02 3.235789034991047401e+02
5.005733753246753395e+02 3.224908855442130289e+02
5.011884597402597592e+02 3.238759037355106329e+02
5.018035441558441789e+02 3.234012722459925158e+02
5.024186285714285987e+02 3.250217767729517959e+02
5.030337129870130184e+02 3.237274539799372519e+02
5.036487974025974381e+02 3.224331311869226511e+02
5.042638818181818579e+02 3.224936180524487099e+02
5.048789662337662776e+02 3.239173371324177992e+02
5.054940506493506973e+02 3.257767778230490308e+02
5.061091350649350602e+02 3.263165580669273140e+02
5.067242194805194799e+02 3.269457856894076713e+02
5.073393038961038997e+02 3.271351712370727682e+02
5.079543883116883194e+02 3.312460003914987396e+02
5.085694727272727391e+02 3.306243475533865421e+02
5.091845571428571589e+02 3.332647977881067050e+02
5.097996415584415786e+02 3.329817559798234470e+02
5.104147259740259983e+02 3.343544498671421366e+02
5.110298103896104180e+02 3.356104360349379476e+02
5.116448948051948378e+02 3.360713897879833780e+02
5.122599792207792007e+02 3.371867549358516385e+02
5.128750636363636204e+02 3.391947978213516990e+02
5.134901480519480401e+02 3.388361488841515552e+02
5.141052324675324599e+02 3.424115934941679598e+02
5.147203168831168796e+02 3.423036052009467767e+02
5.153354012987012993e+02 3.427805191048227016e+02
5.159504857142857190e+02 3.455670329890035646e+02
5.165655701298701388e+02 3.461538486438595328e+02
5.171806545454545585e+02 3.479616136198616232e+02
5.177957389610389782e+02 3.489071255400535279e+02
5.184108233766233980e+02 3.514382631501951550e+02
5.190259077922078177e+02 3.507309505631561137e+02
5.196409922077922374e+02 3.533499194541074644e+02
5.202560766233766572e+02 3.554679290690086191e+02
5.208711610389610769e+02 3.558913677059525753e+02
5.214862454545454966e+02 3.573570607330025837e+02
5.221013298701299163e+02 3.606644037614269678e+02
5.227164142857143361e+02 3.610922740353668132e+02
5.233314987012987558e+02 3.650912181394007803e+02
5.239465831168831755e+02 3.655995236872960277e+02
5.245616675324674816e+02 3.682997206162984867e+02
5.251767519480520150e+02 3.696707160504553258e+02
5.257918363636363210e+02 3.719436571312597835e+02
5.264069207792207408e+02 3.740780079506568541e+02
5.270220051948051605e+02 3.790196176001593926e+02
5.276370896103895802e+02 3.788610940164147109e+02
5.282521740259740000e+02 3.828249526874640765e+02
5.288672584415584197e+02 3.843634365364520704e+02
5.294823428571428394e+02 3.862322827014295967e+02
5.300974272727272592e+02 3.889651836328303602e+02
5.307125116883116789e+02 3.896451934228529694e+02
5.313275961038960986e+02 3.922237482244318585e+02
5.319426805194805183e+02 3.937999888239654638e+02
5.325577649350649381e+02 3.963565867380487475e+02
5.331728493506493578e+02 3.944031122270642413e+02
5.337879337662337775e+02 3.980106754665014250e+02
5.344030181818181973e+02 3.959256521332742977e+02
5.350181025974026170e+02 3.975465577238912260e+02
5.356331870129870367e+02 3.978390129664800270e+02
5.362482714285714565e+02 4.003630302345358700e+02
5.368633558441558762e+02 4.008595701336365664e+02
5.374784402597402959e+02 4.027742566637464279e+02
5.380935246753247156e+02 4.039858872728993333e+02
5.387086090909091354e+02 4.090922364348290898e+02
5.393236935064935551e+02 4.103098167518515993e+02
5.399387779220778611e+02 4.110596649178679627e+02
5.405538623376623946e+02 4.138057258061817834e+02
5.411689467532467006e+02 4.149549547925212778e+02
5.417840311688312340e+02 4.160955757622626265e+02
5.423991155844155401e+02 4.190730192576895661e+02
5.430142000000000735e+02 4.214481289118783707e+02
5.436292844155843795e+02 4.244521213085618001e+02
5.442443688311687993e+02 4.261633468542834748e+02
5.448594532467532190e+02 4.272366036660987447e+02
5.454745376623376387e+02 4.301777901724733510e+02
5.460896220779220585e+02 4.321765898434896371e+02
5.467047064935064782e+02 4.348683375223627081e+02
5.473197909090908979e+02 4.372077397166425499e+02
5.479348753246753176e+02 4.415177753529922597e+02
5.485499597402597374e+02 4.411642510513241291e+02
5.491650441558441571e+02 4.445644717800510648e+02
5.497801285714285768e+02 4.457060088440612162e+02
5.503952129870129966e+02 4.488734033300676742e+02
5.510102974025974163e+02 4.513558904901255460e+02
5.516253818181818360e+02 4.574231569887968476e+02
5.522404662337662558e+02 4.586529462286522403e+02
5.528555506493506755e+02 4.637389885341252125e+02
5.534706350649350952e+02 4.657834182571576775e+02
5.540857194805195149e+02 4.721094185576693008e+02
5.547008038961039347e+02 4.787544094300677102e+02
5.553158883116883544e+02 4.798517993273260913e+02
5.559309727272727741e+02 4.815931166268716765e+02
5.565460571428570802e+02 4.841565584015904733e+02
5.571611415584416136e+02 4.885731657681064917e+02
5.577762259740259196e+02 4.918373816385330883e+02
5.583913103896104531e+02 4.979449153363187293e+02
5.590063948051947591e+02 5.024288468184641943e+02
5.596214792207792925e+02 5.051531614548018183e+02
5.602365636363635986e+02 5.097442237747284253e+02
5.608516480519480183e+02 5.148237630966732468e+02
5.614667324675324380e+02 5.156486766956188603e+02
5.620818168831168578e+02 5.213722908507813827e+02
5.626969012987012775e+02 5.232113666641736245e+02
5.633119857142856972e+02 5.272929342500456187e+02
5.639270701298701169e+02 5.315120647236067271e+02
5.645421545454545367e+02 5.338659390216107568e+02
5.651572389610389564e+02 5.363050162600209205e+02
5.657723233766233761e+02 5.366433074310941720e+02
5.663874077922077959e+02 5.386169042355630836e+02
5.670024922077922156e+02 5.425732080152821482e+02
5.676175766233766353e+02 5.425881950020311706e+02
5.682326610389610551e+02 5.428576243127988619e+02
5.688477454545454748e+02 5.459301023855550739e+02
5.694628298701298945e+02 5.467107477437727994e+02
5.700779142857143142e+02 5.473928210092406061e+02
5.706929987012987340e+02 5.510175518481764811e+02
5.713080831168831537e+02 5.526356685375482130e+02
5.719231675324675734e+02 5.549487397218312026e+02
5.725382519480519932e+02 5.620521259377103434e+02
5.731533363636362992e+02 5.609944017850410773e+02
5.737684207792208326e+02 5.655199738140826184e+02
5.743835051948051387e+02 5.680499269725398790e+02
5.749985896103896721e+02 5.710006487329653737e+02
5.756136740259739781e+02 5.735705554984574519e+02
5.762287584415585115e+02 5.763800468399609827e+02
5.768438428571428176e+02 5.799643242685353925e+02
5.774589272727272373e+02 5.832295822451367258e+02
5.780740116883116571e+02 5.848568017614710470e+02
5.786890961038960768e+02 5.882669818683814356e+02
5.793041805194804965e+02 5.900704248618865222e+02
5.799192649350649162e+02 5.957151812194300646e+02
5.805343493506493360e+02 5.989683392649523057e+02
5.811494337662337557e+02 6.019077301330273713e+02
5.817645181818181754e+02 6.030297131571735463e+02
5.823796025974025952e+02 6.058689654781860554e+02
5.829946870129870149e+02 6.109370333401947164e+02
5.836097714285714346e+02 6.127052272251677323e+02
5.842248558441558544e+02 6.157698920410946357e+02
5.848399402597402741e+02 6.169662270468784300e+02
5.854550246753246938e+02 6.213863578950673627e+02
5.860701090909091135e+02 6.236799697029825893e+02
5.866851935064935333e+02 6.285200195312500000e+02
5.873002779220779530e+02 6.312535301867253565e+02
5.879153623376623727e+02 6.345715937535353532e+02
5.885304467532467925e+02 6.361498230529275588e+02
5.891455311688312122e+02 6.413980765696829849e+02
5.897606155844155182e+02 6.432738963802618173e+02
5.903757000000000517e+02 6.454741316372522988e+02
5.909907844155843577e+02 6.464470104144854758e+02
5.916058688311688911e+02 6.497130223352080520e+02
5.922209532467531972e+02 6.495585974854315054e+02
5.928360376623377306e+02 6.521225569398893640e+02
5.934511220779220366e+02 6.538877712139244522e+02
5.940662064935064564e+02 6.569904452077311134e+02
5.946812909090908761e+02 6.577903022796095911e+02
5.952963753246752958e+02 6.633146739712009321e+02
5.959114597402597155e+02 6.666645798301125296e+02
5.965265441558441353e+02 6.695757996192345445e+02
5.971416285714285550e+02 6.740423764149903718e+02
5.977567129870129747e+02 6.798875364991454262e+02
5.983717974025973945e+02 6.841372141118770287e+02
5.989868818181818142e+02 6.882928288481724621e+02
5.996019662337662339e+02 6.937003621774953217e+02
6.002170506493506537e+02 6.946601545139051268e+02
6.008321350649350734e+02 6.993067116965066816e+02
6.014472194805194931e+02 7.012401286579633961e+02
6.020623038961039128e+02 7.035719165752460640e+02
6.026773883116883326e+02 7.053078330876484188e+02
6.032924727272727523e+02 7.107846036342510843e+02
6.039075571428571720e+02 7.085980703249077806e+02
6.045226415584415918e+02 7.117486859210127932e+02
6.051377259740260115e+02 7.125289627403246868e+02
6.057528103896104312e+02 7.145444005047603468e+02
6.063678948051947373e+02 7.165598382691956658e+02
6.069829792207792707e+02 7.185752760336317806e+02
6.075980636363635767e+02 7.228830790648627271e+02
6.082131480519481102e+02 7.325033017575934764e+02
6.088282324675324162e+02 7.351238622669927736e+02
6.094433168831169496e+02 7.410143678282106521e+02
6.100584012987012557e+02 7.454670422355192159e+02
6.106734857142856754e+02 7.487414695375739484e+02
6.112885701298700951e+02 7.510432090180896694e+02
6.119036545454545148e+02 7.562655220589126657e+02
6.125187389610389346e+02 7.588649142537949501e+02
6.131338233766233543e+02 7.633127369921369336e+02
6.137489077922077740e+02 7.677623765805559515e+02
6.143639922077921938e+02 7.735689988145963980e+02
6.149790766233766135e+02 7.772410949758146899e+02
6.155941610389610332e+02 7.801136973118209426e+02
6.162092454545454530e+02 7.858795801146545728e+02
6.168243298701298727e+02 7.912078550833351756e+02
6.174394142857142924e+02 7.945928721863920146e+02
6.180544987012987121e+02 7.990489577832237273e+02
6.186695831168831319e+02 8.008202855211829956e+02
6.192846675324675516e+02 8.007795821189738490e+02
6.198997519480519713e+02 8.054436238952624763e+02
6.205148363636363911e+02 8.061883871325649125e+02
6.211299207792208108e+02 8.083406613432421182e+02
6.217450051948052305e+02 8.088771873104022916e+02
6.223600896103896503e+02 8.103149674741514445e+02
6.229751740259739563e+02 8.097143638993990180e+02
6.235902584415584897e+02 8.086522645522903758e+02
6.242053428571427958e+02 8.078914289890144573e+02
6.248204272727273292e+02 8.064533388233121514e+02
6.254355116883116352e+02 8.086095581909148677e+02
6.260505961038961686e+02 8.124362969491057811e+02
6.266656805194804747e+02 8.129120513365567149e+02
6.272807649350648944e+02 8.193251344932500615e+02
6.278958493506493141e+02 8.200352814787636362e+02
6.285109337662337339e+02 8.246733747286184553e+02
6.291260181818181536e+02 8.268163652572743558e+02
6.297411025974025733e+02 8.319771422855387755e+02
6.303561870129869931e+02 8.313448954084030902e+02
6.309712714285714128e+02 8.350696063451455302e+02
6.315863558441558325e+02 8.371816640471257642e+02
6.322014402597402523e+02 8.407334365174624509e+02
6.328165246753246720e+02 8.427034753797737494e+02
6.334316090909090917e+02 8.462933903352952711e+02
6.340466935064935114e+02 8.501084787292892315e+02
6.346617779220779312e+02 8.541192209193039844e+02
6.352768623376623509e+02 8.552274894145508597e+02
6.358919467532467706e+02 8.629787586594048889e+02
6.365070311688311904e+02 8.702565834548078101e+02
6.371221155844156101e+02 8.735330341196500967e+02
6.377372000000000298e+02 8.759897790492098011e+02
6.383522844155844496e+02 8.850275595217860882e+02
6.389673688311688693e+02 8.926706867602574675e+02
6.395824532467531753e+02 8.991727278518769708e+02
6.401975376623377088e+02 9.092466585672286783e+02
6.408126220779220148e+02 9.173505999971830533e+02
6.414277064935065482e+02 9.256519289668179908e+02
6.420427909090908543e+02 9.316683079546546651e+02
6.426578753246753877e+02 9.398171412998609640e+02
6.432729597402596937e+02 9.432078363421841232e+02
6.438880441558441134e+02 9.520440787272955276e+02
6.445031285714285332e+02 9.563998374566565417e+02
6.451182129870129529e+02 9.627003218409794272e+02
6.457332974025973726e+02 9.752227160362720042e+02
6.463483818181817924e+02 9.826027217830915106e+02
6.469634662337662121e+02 9.894160708533934212e+02
6.475785506493506318e+02 9.981791662404027647e+02
6.481936350649350516e+02 9.984969658654282512e+02
6.488087194805194713e+02 1.005436772717092026e+03
6.494238038961038910e+02 1.010700814395589418e+03
6.500388883116883108e+02 1.016960291209737079e+03
6.506539727272727305e+02 1.022956068588498283e+03
6.512690571428571502e+02 1.031379427394397908e+03
6.518841415584415699e+02 1.034512412185604944e+03
6.524992259740259897e+02 1.034560974092865990e+03
6.531143103896104094e+02 1.036789872801339698e+03
6.537293948051948291e+02 1.045748629140764251e+03
6.543444792207792489e+02 1.049123707700497334e+03
6.549595636363636686e+02 1.049979575401238208e+03
6.555746480519480883e+02 1.053159270885862725e+03
6.561897324675323944e+02 1.059376398452380272e+03
6.568048168831169278e+02 1.059078902586943968e+03
6.574199012987012338e+02 1.068253252237048173e+03
6.580349857142857672e+02 1.066651719484471869e+03
6.586500701298700733e+02 1.064818074470519832e+03
6.592651545454546067e+02 1.066151850352666997e+03
6.598802389610389127e+02 1.068894166627445202e+03
6.604953233766234462e+02 1.072184632140316580e+03
6.611104077922077522e+02 1.074130591272871470e+03
6.617254922077922856e+02 1.077505987362446376e+03
6.623405766233765917e+02 1.078602074927377544e+03
6.629556610389610114e+02 1.083556529297998850e+03
6.635707454545454311e+02 1.085701375464504963e+03
6.641858298701298509e+02 1.092263786665617772e+03
6.648009142857142706e+02 1.095289361088046235e+03
6.654159987012986903e+02 1.099163877807679228e+03
6.660310831168831101e+02 1.102522836440479750e+03
6.666461675324675298e+02 1.108621341210815217e+03
6.672612519480519495e+02 1.111968053147220871e+03
6.678763363636363692e+02 1.115383129782414017e+03
6.684914207792207890e+02 1.116208947701672514e+03
6.691065051948052087e+02 1.119476858739806630e+03
6.697215896103896284e+02 1.120502945205106926e+03
6.703366740259739345e+02 1.124201676174484192e+03
6.709517584415584679e+02 1.126751491249094897e+03
6.715668428571427739e+02 1.129745615858064866e+03
6.721819272727273074e+02 1.135247353779653395e+03
6.727970116883116134e+02 1.136021318293084960e+03
6.734120961038961468e+02 1.142753417140228521e+03
6.740271805194804529e+02 1.145841992977720793e+03
6.746422649350649863e+02 1.149235894404716646e+03
6.752573493506492923e+02 1.153143291632894034e+03
6.758724337662338257e+02 1.156501275306177376e+03
6.764875181818181318e+02 1.160956969045302912e+03
6.771026025974026652e+02 1.165158955712133093e+03
6.777176870129869712e+02 1.169119140673871243e+03
6.783327714285715047e+02 1.174936714287863879e+03
6.789478558441558107e+02 1.178251037026449012e+03
6.795629402597402304e+02 1.186191526861627608e+03
6.801780246753246502e+02 1.187609114359139312e+03
6.807931090909090699e+02 1.191952974448752229e+03
6.814081935064934896e+02 1.196183658702703497e+03
6.820232779220779094e+02 1.202049543401780966e+03
6.826383623376623291e+02 1.205960019392866570e+03
6.832534467532467488e+02 1.211042125840325070e+03
6.838685311688311685e+02 1.217783537705653544e+03
6.844836155844155883e+02 1.227322329119019969e+03
6.850987000000000080e+02 1.227412707966415837e+03
6.857137844155844277e+02 1.235459208285118848e+03
6.863288688311688475e+02 1.240802808867106478e+03
6.869439532467531535e+02 1.246555710455507551e+03
6.875590376623376869e+02 1.253018827165302127e+03
6.881741220779219930e+02 1.263730875935352515e+03
6.887892064935065264e+02 1.267837684232915535e+03
6.894042909090908324e+02 1.276712424559706506e+03
6.900193753246753658e+02 1.279899227419413819e+03
6.906344597402596719e+02 1.288061269447046243e+03
6.912495441558442053e+02 1.290554906385333425e+03
6.918646285714285113e+02 1.297616333612618973e+03
6.924797129870130448e+02 1.305845576394921864e+03
6.930947974025973508e+02 1.309550512492486405e+03
6.937098818181818842e+02 1.316541206255057432e+03
6.943249662337661903e+02 1.323570975469810719e+03
6.949400506493507237e+02 1.328984527379414203e+03
6.955551350649350297e+02 1.331108170748860630e+03
6.961702194805194495e+02 1.334192034478089454e+03
6.967853038961038692e+02 1.337592530588962745e+03
6.974003883116882889e+02 1.343048907354780113e+03
6.980154727272727087e+02 1.348915445471753173e+03
6.986305571428571284e+02 1.360254570261428853e+03
6.992456415584415481e+02 1.361499119725601759e+03
6.998607259740259678e+02 1.369134405886724380e+03
7.004758103896103876e+02 1.371404122268697165e+03
7.010908948051948073e+02 1.378424779230603690e+03
7.017059792207792270e+02 1.380854289690008045e+03
7.023210636363636468e+02 1.386245586125908403e+03
7.029361480519480665e+02 1.390053612037140283e+03
7.035512324675323725e+02 1.392585027247916287e+03
7.041663168831169060e+02 1.399018036286532151e+03
7.047814012987012120e+02 1.402797688545489336e+03
7.053964857142857454e+02 1.402830313596717815e+03
7.060115701298700515e+02 1.407373853189707233e+03
7.066266545454545849e+02 1.401412525491718952e+03
7.072417389610388909e+02 1.404030376746558204e+03
7.078568233766234243e+02 1.400698891292561257e+03
7.084719077922077304e+02 1.402170156195745676e+03
7.090869922077922638e+02 1.398581644678641396e+03
7.097020766233765698e+02 1.394993133161538481e+03
7.103171610389611033e+02 1.400892636673524976e+03
7.109322454545454093e+02 1.406369132256542116e+03
7.115473298701299427e+02 1.417086045059284061e+03
7.121624142857142488e+02 1.425244744687227012e+03
7.127774987012986685e+02 1.437440168689189250e+03
7.133925831168830882e+02 1.442578376495511748e+03
7.140076675324675080e+02 1.446962087683540858e+03
7.146227519480519277e+02 1.450737904669451609e+03
7.152378363636363474e+02 1.455174996487816315e+03
7.158529207792207671e+02 1.458231209505170909e+03
7.164680051948051869e+02 1.459938790032592806e+03
7.170830896103896066e+02 1.466079199417184327e+03
7.176981740259740263e+02 1.466552196865926362e+03
7.183132584415584461e+02 1.468461308211621372e+03
7.189283428571428658e+02 1.466226791758103218e+03
7.195434272727272855e+02 1.459749746474289623e+03
7.201585116883115916e+02 1.459411597246556994e+03
7.207735961038961250e+02 1.460246214779749153e+03
7.213886805194804310e+02 1.455919160733579474e+03
7.220037649350649644e+02 1.458446548244638052e+03
7.226188493506492705e+02 1.454290643930386068e+03
7.232339337662338039e+02 1.452297040328668572e+03
7.238490181818181100e+02 1.448263123094179036e+03
7.244641025974026434e+02 1.446024544501266291e+03
7.250791870129869494e+02 1.441304210332868706e+03
7.256942714285714828e+02 1.440172401154691897e+03
7.263093558441557889e+02 1.438785491758202852e+03
7.269244402597403223e+02 1.439737214577780605e+03
7.275395246753246283e+02 1.431402298521504008e+03
7.281546090909091618e+02 1.423480461780678979e+03
7.287696935064934678e+02 1.419656171526230082e+03
7.293847779220778875e+02 1.421752307211844482e+03
7.299998623376623073e+02 1.419538877027239550e+03
7.306149467532467270e+02 1.415491530785597661e+03
7.312300311688311467e+02 1.415265009789925898e+03
7.318451155844155664e+02 1.411125730695900074e+03
7.324601999999999862e+02 1.404590280354424749e+03
7.330752844155844059e+02 1.400857350926569325e+03
7.336903688311688256e+02 1.399680952584678835e+03
7.343054532467532454e+02 1.396671982820701942e+03
7.349205376623376651e+02 1.392804783017585123e+03
7.355356220779220848e+02 1.389455788347686166e+03
7.361507064935065046e+02 1.392669334240877333e+03
7.367657909090908106e+02 1.388980588720822880e+03
7.373808753246753440e+02 1.389239355223841585e+03
7.379959597402596501e+02 1.386677679632183754e+03
7.386110441558441835e+02 1.387905744090385724e+03
7.392261285714284895e+02 1.385296606115390205e+03
7.398412129870130229e+02 1.386937563222050812e+03
7.404562974025973290e+02 1.386654471092841959e+03
7.410713818181818624e+02 1.390039701723806729e+03
7.416864662337661684e+02 1.395398846970828799e+03
7.423015506493507019e+02 1.397599792018333346e+03
7.429166350649350079e+02 1.402506363699102849e+03
7.435317194805195413e+02 1.408562656649443170e+03
7.441468038961038474e+02 1.415269802778439043e+03
7.447618883116883808e+02 1.422953997442394893e+03
7.453769727272726868e+02 1.431241840893940662e+03
7.459920571428571066e+02 1.431276091418342276e+03
7.466071415584415263e+02 1.439208999479192926e+03
7.472222259740259460e+02 1.447775766144584168e+03
7.478373103896103657e+02 1.457968453312683550e+03
7.484523948051947855e+02 1.467210982582404313e+03
7.490674792207792052e+02 1.475724539799396553e+03
7.496825636363636249e+02 1.486918338224847275e+03
7.502976480519480447e+02 1.491137596290663623e+03
7.509127324675324644e+02 1.504420833454325248e+03
7.515278168831168841e+02 1.508695925777378761e+03
7.521429012987013039e+02 1.517323421236389322e+03
7.527579857142857236e+02 1.527796250001345243e+03
7.533730701298700296e+02 1.539404677046621373e+03
7.539881545454545630e+02 1.544020435813808945e+03
7.546032389610388691e+02 1.548522877248483383e+03
7.552183233766234025e+02 1.555906490901042162e+03
7.558334077922077086e+02 1.564042093740348719e+03
7.564484922077922420e+02 1.572765637607721374e+03
7.570635766233765480e+02 1.578821595747108859e+03
7.576786610389610814e+02 1.592217320168143260e+03
7.582937454545453875e+02 1.599310743383909085e+03
7.589088298701299209e+02 1.607061319165979967e+03
7.595239142857142269e+02 1.602248919277131790e+03
7.601389987012987604e+02 1.611106879168206206e+03
7.607540831168830664e+02 1.618205569197405566e+03
7.613691675324675998e+02 1.623762970954645425e+03
7.619842519480519059e+02 1.621342369383930418e+03
7.625993363636363256e+02 1.621967127287500489e+03
7.632144207792207453e+02 1.619429265157419422e+03
7.638295051948051650e+02 1.618355705934155594e+03
7.644445896103895848e+02 1.612603203895204842e+03
7.650596740259740045e+02 1.608063220888873047e+03
7.656747584415584242e+02 1.613561191405146701e+03
7.662898428571428440e+02 1.611615945070079306e+03
7.669049272727272637e+02 1.608586497715732094e+03
7.675200116883116834e+02 1.603703743146605802e+03
7.681350961038961032e+02 1.606010973723462712e+03
7.687501805194805229e+02 1.593753599727607252e+03
7.693652649350649426e+02 1.593676272914610308e+03
7.699803493506492487e+02 1.569343173726877239e+03
7.705954337662337821e+02 1.567343564801162302e+03
7.712105181818180881e+02 1.555732195826399220e+03
7.718256025974026215e+02 1.546019459824513660e+03
7.724406870129869276e+02 1.540484692218773262e+03
7.730557714285714610e+02 1.533489233193279233e+03
7.736708558441557670e+02 1.521408325403418303e+03
7.742859402597403005e+02 1.519379245397110935e+03
7.749010246753246065e+02 1.493982435530872408e+03
7.755161090909091399e+02 1.487930648766216791e+03
7.761311935064934460e+02 1.481304591512632214e+03
7.767462779220779794e+02 1.469190659537181773e+03
7.773613623376622854e+02 1.464547087683480413e+03
7.779764467532468188e+02 1.455437570298702667e+03
7.785915311688311249e+02 1.448245191869338214e+03
7.792066155844155446e+02 1.438623995519202026e+03
7.798216999999999643e+02 1.430940228436448251e+03
7.804367844155843841e+02 1.424674124025995980e+03
7.810518688311688038e+02 1.416366844366615396e+03
7.816669532467532235e+02 1.411575677564603666e+03
7.822820376623376433e+02 1.406088691793468342e+03
7.828971220779220630e+02 1.402097436785362561e+03
7.835122064935064827e+02 1.391900987531874080e+03
7.841272909090909025e+02 1.392509874112904072e+03
7.847423753246753222e+02 1.382185524254578468e+03
7.853574597402597419e+02 1.386046490328246364e+03
7.859725441558441617e+02 1.380367673394074700e+03
7.865876285714284677e+02 1.376809059879494043e+03
7.872027129870130011e+02 1.375916302543488200e+03
7.878177974025973072e+02 1.370639489179295879e+03
7.884328818181818406e+02 1.364130073994576605e+03
7.890479662337661466e+02 1.364166894233775338e+03
7.896630506493506800e+02 1.360622632707871389e+03
7.902781350649349861e+02 1.357349929029354371e+03
7.908932194805195195e+02 1.357050081722170944e+03
7.915083038961038255e+02 1.355781113753637328e+03
7.921233883116883590e+02 1.351368541346260599e+03
7.927384727272726650e+02 1.352238560567792319e+03
7.933535571428571984e+02 1.341285325328758972e+03
7.939686415584415045e+02 1.345471975983298080e+03
7.945837259740259242e+02 1.333298901980511118e+03
7.951988103896103439e+02 1.333803221312698497e+03
7.958138948051947636e+02 1.322019686107731104e+03
7.964289792207791834e+02 1.323573927651843178e+03
7.970440636363636031e+02 1.312969174710337029e+03
7.976591480519480228e+02 1.306814421788736581e+03
7.982742324675324426e+02 1.297585743391432061e+03
7.988893168831168623e+02 1.287736890166077728e+03
7.995044012987012820e+02 1.278870693094890385e+03
8.001194857142857018e+02 1.268271642803816803e+03
8.007345701298701215e+02 1.259695949762402734e+03
8.013496545454545412e+02 1.245732589846325254e+03
8.019647389610389610e+02 1.236096092253510733e+03
8.025798233766233807e+02 1.220450647507992699e+03
8.031949077922076867e+02 1.203155790839213978e+03
8.038099922077922201e+02 1.190775509202997910e+03
8.044250766233765262e+02 1.167274555520132708e+03
8.050401610389610596e+02 1.157783284001249285e+03
8.056552454545453656e+02 1.136001435175903225e+03
8.062703298701298991e+02 1.119450443257301913e+03
8.068854142857142051e+02 1.099672755523748947e+03
8.075004987012987385e+02 1.079893643196579887e+03
8.081155831168830446e+02 1.062433447523312452e+03
8.087306675324675780e+02 1.044443347982359001e+03
8.093457519480518840e+02 1.022315910352278934e+03
8.099608363636364174e+02 1.009148281907478804e+03
8.105759207792207235e+02 9.904663970936582018e+02
8.111910051948051432e+02 9.710823185096000998e+02
8.118060896103895629e+02 9.551501881463533437e+02
8.124211740259739827e+02 9.392180577831065875e+02
8.130362584415584024e+02 9.232859274198598314e+02
8.136513428571428221e+02 9.131827675639749486e+02
8.142664272727272419e+02 9.122345604375104813e+02
8.148815116883116616e+02 9.083367151129348258e+02
8.154965961038960813e+02 9.148067518847218480e+02
8.161116805194805011e+02 9.189154210286000080e+02
8.167267649350649208e+02 9.298133604475085576e+02
8.173418493506493405e+02 9.374238770161698540e+02
8.179569337662337603e+02 9.451852152852497966e+02
8.185720181818181800e+02 9.588380680208316562e+02
8.191871025974025997e+02 9.695081375107893109e+02
8.198021870129869058e+02 9.818547757229309809e+02
8.204172714285714392e+02 9.947261329371816601e+02
8.210323558441557452e+02 1.009504743108271668e+03
8.216474402597402786e+02 1.019258207421639668e+03
8.222625246753245847e+02 1.029359113150909707e+03
8.228776090909091181e+02 1.042997100173359058e+03
8.234926935064934241e+02 1.054588838274776663e+03
8.241077779220779576e+02 1.061585087204180354e+03
8.247228623376622636e+02 1.074405391794922025e+03
8.253379467532467970e+02 1.088000301126683325e+03
8.259530311688311031e+02 1.095347539981316686e+03
8.265681155844156365e+02 1.096071812703472915e+03
8.271831999999999425e+02 1.109004135647832754e+03
8.277982844155843623e+02 1.111958633106629350e+03
8.284133688311687820e+02 1.113147850900774529e+03
8.290284532467532017e+02 1.116489990234375000e+03
8.296435376623376214e+02 1.119725435493790883e+03
8.302586220779220412e+02 1.122270964347311974e+03
8.308737064935064609e+02 1.116731166662612623e+03
8.314887909090908806e+02 1.110870469406188022e+03
8.321038753246753004e+02 1.108926430879421787e+03
8.327189597402597201e+02 1.103348600605054116e+03
8.333340441558441398e+02 1.096531246359105126e+03
8.339491285714285596e+02 1.084494962972118401e+03
8.345642129870129793e+02 1.078229834897548926e+03
8.351792974025973990e+02 1.067794807634831614e+03
8.357943818181818187e+02 1.056940923179658057e+03
8.364094662337661248e+02 1.038562966098916831e+03
8.370245506493506582e+02 1.019321077412688851e+03
8.376396350649349642e+02 1.004786442402697048e+03
8.382547194805194977e+02 9.850478892006551632e+02
8.388698038961038037e+02 9.632960565150209504e+02
8.394848883116883371e+02 9.422137849589205416e+02
8.400999727272726432e+02 9.209413231597641243e+02
8.407150571428571766e+02 8.957492284465447483e+02
8.413301415584414826e+02 8.705919590610237719e+02
8.419452259740260160e+02 8.442078342780291678e+02
8.425603103896103221e+02 8.171652684000847557e+02
8.431753948051948555e+02 7.892694147306375498e+02
8.437904792207791616e+02 7.623754744671205117e+02
8.444055636363635813e+02 7.359885053961655785e+02
8.450206480519480010e+02 7.098439846777166622e+02
8.456357324675324207e+02 6.832488481552840085e+02
8.462508168831168405e+02 6.609075029187231394e+02
8.468659012987012602e+02 6.398536801250877488e+02
8.474809857142856799e+02 6.208012793878590401e+02
8.480960701298700997e+02 6.053506081413048605e+02
8.487111545454545194e+02 5.892041238428799943e+02
8.493262389610389391e+02 5.734330455566639557e+02
8.499413233766233589e+02 5.656969823601789358e+02
8.505564077922077786e+02 5.541120793715034551e+02
8.511714922077921983e+02 5.507080971183304428e+02
8.517865766233766180e+02 5.484622654540601161e+02
8.524016610389610378e+02 5.471594749737402026e+02
8.530167454545453438e+02 5.459805215426749783e+02
8.536318298701298772e+02 5.500136998405660052e+02
8.542469142857141833e+02 5.514976537479382159e+02
8.548619987012987167e+02 5.587581888377237647e+02
8.554770831168830227e+02 5.640427452048473924e+02
8.560921675324675562e+02 5.729893748707821715e+02
8.567072519480518622e+02 5.780852860049435549e+02
8.573223363636363956e+02 5.875010137970068627e+02
8.579374207792207017e+02 5.949150344782359525e+02
8.585525051948052351e+02 6.030732106955730387e+02
8.591675896103895411e+02 6.078422908520872170e+02
8.597826740259740745e+02 6.169455944005519541e+02
8.603977584415583806e+02 6.235867655943150112e+02
8.610128428571428003e+02 6.309084862619497471e+02
8.616279272727272200e+02 6.391364784015775058e+02
8.622430116883116398e+02 6.445980223275454364e+02
8.628580961038960595e+02 6.503329207727387029e+02
8.634731805194804792e+02 6.563705551429956131e+02
8.640882649350648990e+02 6.585198581251606811e+02
8.647033493506493187e+02 6.554865101955596174e+02
8.653184337662337384e+02 6.582344043354826226e+02
8.659335181818181582e+02 6.587380570340777695e+02
8.665486025974025779e+02 6.571622958627084472e+02
8.671636870129869976e+02 6.554668352866730174e+02
8.677787714285714173e+02 6.549031072207066018e+02
8.683938558441558371e+02 6.498704241278205700e+02
8.690089402597402568e+02 6.479837003022014414e+02
8.696240246753245628e+02 6.451182459657864001e+02
8.702391090909090963e+02 6.409168240429960406e+02
8.708541935064934023e+02 6.335415527746940825e+02
8.714692779220779357e+02 6.294376938777329542e+02
8.720843623376622418e+02 6.216404973227762412e+02
8.726994467532467752e+02 6.161652599897138316e+02
8.733145311688310812e+02 6.072610922676366272e+02
8.739296155844156146e+02 5.970609645401273156e+02
8.745446999999999207e+02 5.862485366924704522e+02
8.751597844155844541e+02 5.754647853749449951e+02
8.757748688311687602e+02 5.626125298762418652e+02
8.763899532467532936e+02 5.522621081871502611e+02
8.770050376623375996e+02 5.363400797495432926e+02
8.776201220779220193e+02 5.254155392705145005e+02
8.782352064935064391e+02 5.106489370518045234e+02
8.788502909090908588e+02 4.972013218093079558e+02
8.794653753246752785e+02 4.825513914949063974e+02
8.800804597402596983e+02 4.705312627655026745e+02
8.806955441558441180e+02 4.555514008581235430e+02
8.813106285714285377e+02 4.427721468105189047e+02
8.819257129870129575e+02 4.285064573540231549e+02
8.825407974025973772e+02 4.162014925613997889e+02
8.831558818181817969e+02 4.035057310047677106e+02
8.837709662337662166e+02 3.934781684740376591e+02
8.843860506493506364e+02 3.819869078838581231e+02
8.850011350649350561e+02 3.715489105084333232e+02
8.856162194805194758e+02 3.628749715458049536e+02
8.862313038961037819e+02 3.569115606317969878e+02
8.868463883116883153e+02 3.485220634834619773e+02
8.874614727272726213e+02 3.447277184169934117e+02
8.880765571428571548e+02 3.376673540345653350e+02
8.886916415584414608e+02 3.359721847906355947e+02
8.893067259740259942e+02 3.324808778764614203e+02
8.899218103896103003e+02 3.320738320754412030e+02
8.905368948051948337e+02 3.304824661584132173e+02
8.911519792207791397e+02 3.294079330470610216e+02
8.917670636363636731e+02 3.309166700437946815e+02
8.923821480519479792e+02 3.312559542154098153e+02
8.929972324675325126e+02 3.351955774626298421e+02
8.936123168831168186e+02 3.360114781752120621e+02
8.942274012987012384e+02 3.414175784248943160e+02
8.948424857142856581e+02 3.448529059571386597e+02
8.954575701298700778e+02 3.481302750502730419e+02
8.960726545454544976e+02 3.536908751625743434e+02
8.966877389610389173e+02 3.562318037629240166e+02
8.973028233766233370e+02 3.620215715680782864e+02
8.979179077922077568e+02 3.667032200376980882e+02
8.985329922077921765e+02 3.722455700717624154e+02
8.991480766233765962e+02 3.769281545389100643e+02
8.997631610389610159e+02 3.820359486864651331e+02
9.003782454545454357e+02 3.881629467619812317e+02
9.009933298701298554e+02 3.914132674039796598e+02
9.016084142857142751e+02 3.968261292618074663e+02
9.022234987012986949e+02 4.006547177295662436e+02
9.028385831168830009e+02 4.053237504054491183e+02
9.034536675324675343e+02 4.091902793948096928e+02
9.040687519480518404e+02 4.152484407244490399e+02
9.046838363636363738e+02 4.184716087313780122e+02
9.052989207792206798e+02 4.239944550058202140e+02
9.059140051948052133e+02 4.268279597041812394e+02
9.065290896103895193e+02 4.314877716381070059e+02
9.071441740259740527e+02 4.317572152703289134e+02
9.077592584415583588e+02 4.359125673159258554e+02
9.083743428571428922e+02 4.360162303594642026e+02
9.089894272727271982e+02 4.381450923666797053e+02
9.096045116883117316e+02 4.370514926328864931e+02
9.102195961038960377e+02 4.405272993435295348e+02
9.108346805194804574e+02 4.399219049844084566e+02
9.114497649350648771e+02 4.416278935093459381e+02
9.120648493506492969e+02 4.387451321040002199e+02
9.126799337662337166e+02 4.355751744837658066e+02
9.132950181818181363e+02 4.333881196474305284e+02
9.139101025974025561e+02 4.300569317634886488e+02
9.145251870129869758e+02 4.232682181164707913e+02
9.151402714285713955e+02 4.164795044694529338e+02
9.157553558441558152e+02 4.096907908224350763e+02
9.163704402597402350e+02 4.029020771754172756e+02
9.169855246753246547e+02 3.986990785412554601e+02
9.176006090909090744e+02 3.913583844530735973e+02
9.182156935064934942e+02 3.906521511233432875e+02
9.188307779220779139e+02 3.838768667061495421e+02
9.194458623376623336e+02 3.786372775016442915e+02
9.200609467532467534e+02 3.732325185224466395e+02
9.206760311688311731e+02 3.704857447013665706e+02
9.212911155844155928e+02 3.634792060172292167e+02
9.219062000000000126e+02 3.592241145584939090e+02
9.225212844155844323e+02 3.548000563400020155e+02
9.231363688311687383e+02 3.516648124763599412e+02
9.237514532467531581e+02 3.450638186439821880e+02
9.243665376623375778e+02 3.408582780768259681e+02
9.249816220779219975e+02 3.363671135402699406e+02
9.255967064935064172e+02 3.341116032667133595e+02
9.262117909090908370e+02 3.303227031726580094e+02
9.268268753246752567e+02 3.270499877929687500e+02
9.274419597402596764e+02 3.234953417503907076e+02
9.280570441558440962e+02 3.215250127575943111e+02
9.286721285714285159e+02 3.189010183265529577e+02
9.292872129870129356e+02 3.170926255180338558e+02
9.299022974025973554e+02 3.155781913483901917e+02
9.305173818181817751e+02 3.133843115980640732e+02
9.311324662337661948e+02 3.123315879363232170e+02
9.317475506493506145e+02 3.105555162455587492e+02
9.323626350649350343e+02 3.114912095618592502e+02
9.329777194805194540e+02 3.099558072181449688e+02
9.335928038961038737e+02 3.072739942745175199e+02
9.342078883116882935e+02 3.075151869469414692e+02
9.348229727272727132e+02 3.076460794443652276e+02
9.354380571428571329e+02 3.064478135346579961e+02
9.360531415584415527e+02 3.076670645031455820e+02
9.366682259740259724e+02 3.068192171766187926e+02
9.372833103896103921e+02 3.074423448959530560e+02
9.378983948051948119e+02 3.074288648046373851e+02
9.385134792207792316e+02 3.074446898663602497e+02
9.391285636363636513e+02 3.079737091387049759e+02
9.397436480519479574e+02 3.086133648369169578e+02
9.403587324675323771e+02 3.077467319958906842e+02
9.409738168831167968e+02 3.091251593381985572e+02
9.415889012987012165e+02 3.096675549238973986e+02
9.422039857142856363e+02 3.106079392135771400e+02
9.428190701298700560e+02 3.104080485001458101e+02
9.434341545454544757e+02 3.115539862113225809e+02
9.440492389610388955e+02 3.109372165172606515e+02
9.446643233766233152e+02 3.136304222298190894e+02
9.452794077922077349e+02 3.132574532580633218e+02
9.458944922077921547e+02 3.152792738339674656e+02
9.465095766233765744e+02 3.145848913282036960e+02
9.471246610389609941e+02 3.162507540277393900e+02
9.477397454545454138e+02 3.165379381670424550e+02
9.483548298701298336e+02 3.177368478196999035e+02
9.489699142857142533e+02 3.193398819434412985e+02
9.495849987012986730e+02 3.197422765687448987e+02
9.502000831168830928e+02 3.207753373828408598e+02
9.508151675324675125e+02 3.219646163650572248e+02
9.514302519480519322e+02 3.225991427860248564e+02
9.520453363636363520e+02 3.238081254455050271e+02
9.526604207792207717e+02 3.245640088204925746e+02
9.532755051948051914e+02 3.279988077264130197e+02
9.538905896103896112e+02 3.254843066332748549e+02
9.545056740259740309e+02 3.267090752621878664e+02
9.551207584415584506e+02 3.262373503041052345e+02
9.557358428571428703e+02 3.274623159237485766e+02
9.563509272727271764e+02 3.277743222624413875e+02
9.569660116883115961e+02 3.271838778095721523e+02
9.575810961038960158e+02 3.275115045411050687e+02
9.581961805194804356e+02 3.276623676583844258e+02
9.588112649350648553e+02 3.272760862029596751e+02
9.594263493506492750e+02 3.268401634345327125e+02
9.600414337662336948e+02 3.264849881627559398e+02
9.606565181818181145e+02 3.266275528385164648e+02
9.612716025974025342e+02 3.240273063645843195e+02
9.618866870129869540e+02 3.231983191174195440e+02
9.625017714285713737e+02 3.232154917146781941e+02
9.631168558441557934e+02 3.225270043235212825e+02
9.637319402597402132e+02 3.207099461733575367e+02
9.643470246753246329e+02 3.188559666238714954e+02
9.649621090909090526e+02 3.199307795841142479e+02
9.655771935064934723e+02 3.177137145131161446e+02
9.661922779220778921e+02 3.170401878829308089e+02
9.668073623376623118e+02 3.174985232785732023e+02
9.674224467532467315e+02 3.160211667543882754e+02
9.680375311688311513e+02 3.137385725364717928e+02
9.686526155844155710e+02 3.139644205475709668e+02
9.692676999999999907e+02 3.111987283987590445e+02
9.698827844155844105e+02 3.115642884051965211e+02
9.704978688311688302e+02 3.106854853467322641e+02
9.711129532467532499e+02 3.108301836393139297e+02
9.717280376623376696e+02 3.100318615294218034e+02
9.723431220779220894e+02 3.088402346192575578e+02
9.729582064935063954e+02 3.079401879175620138e+02
9.735732909090908151e+02 3.087307296762326700e+02
9.741883753246752349e+02 3.073325245506888450e+02
9.748034597402596546e+02 3.075579554933462987e+02
9.754185441558440743e+02 3.056364551779495287e+02
9.760336285714284941e+02 3.056644471845481803e+02
9.766487129870129138e+02 3.055972327490925977e+02
9.772637974025973335e+02 3.055189378494079619e+02
9.778788818181817533e+02 3.046326698373119370e+02
9.784939662337661730e+02 3.053680912333892365e+02
9.791090506493505927e+02 3.039777237102853178e+02
9.797241350649350125e+02 3.041375088756880700e+02
9.803392194805194322e+02 3.034834196683731307e+02
9.809543038961038519e+02 3.048596489458037695e+02
9.815693883116882716e+02 3.037276285525408639e+02
9.821844727272726914e+02 3.047137836106151099e+02
9.827995571428571111e+02 3.037258678350121386e+02
9.834146415584415308e+02 3.034549809990360245e+02
9.840297259740259506e+02 3.043109104438511281e+02
9.846448103896103703e+02 3.040550224824960992e+02
9.852598948051947900e+02 3.038243232157903435e+02
9.858749792207792098e+02 3.029898554306898859e+02
9.864900636363636295e+02 3.033155433756369348e+02
9.871051480519480492e+02 3.037959118390579079e+02
9.877202324675324689e+02 3.034097825268183897e+02
9.883353168831168887e+02 3.042670443312838984e+02
9.889504012987013084e+02 3.032366721636312832e+02
9.895654857142856144e+02 3.045601156621264067e+02
9.901805701298700342e+02 3.041387932966642893e+02
9.907956545454544539e+02 3.041043130203887586e+02
9.914107389610388736e+02 3.033666776785561865e+02
9.920258233766232934e+02 3.037607178620839363e+02
9.926409077922077131e+02 3.035083757157102582e+02
9.932559922077921328e+02 3.038485623072724024e+02
9.938710766233765526e+02 3.043900964341952431e+02
9.944861610389609723e+02 3.044322736566808771e+02
9.951012454545453920e+02 3.044223419800295005e+02
9.957163298701298118e+02 3.040991188406919719e+02
9.963314142857142315e+02 3.041744276196717465e+02
9.969464987012986512e+02 3.050526245863766803e+02
9.975615831168830709e+02 3.052316021670162627e+02
9.981766675324674907e+02 3.049581253301820425e+02
9.987917519480519104e+02 3.063431540617056612e+02
9.994068363636363301e+02 3.052556078720528490e+02
1.000021920779220750e+03 3.064087676830887403e+02
1.000637005194805170e+03 3.057400386933842356e+02
1.001252089610389589e+03 3.069025446715803014e+02
1.001867174025974009e+03 3.062631168792419771e+02
1.002482258441558429e+03 3.070872073629232091e+02
1.003097342857142849e+03 3.064048466184914332e+02
1.003712427272727268e+03 3.074261548465685223e+02
1.004327511688311688e+03 3.065475220026884813e+02
1.004942596103896108e+03 3.075226209635319492e+02
1.005557680519480527e+03 3.070221830821147933e+02
1.006172764935064833e+03 3.073364220643379667e+02
1.006787849350649253e+03 3.071725727510740853e+02
1.007402933766233673e+03 3.075508798257264402e+02
1.008018018181818093e+03 3.071077060278598196e+02
1.008633102597402512e+03 3.076963866024618710e+02
1.009248187012986932e+03 3.074017958144112299e+02
1.009863271428571352e+03 3.074919394564066124e+02
1.010478355844155772e+03 3.072400497786777009e+02
1.011093440259740191e+03 3.074260979263269178e+02
1.011708524675324611e+03 3.064026985645609784e+02
1.012323609090909031e+03 3.071967587307446479e+02
1.012938693506493451e+03 3.067715579628540468e+02
1.013553777922077870e+03 3.068056621400388053e+02
1.014168862337662290e+03 3.068107718399833743e+02
1.014783946753246710e+03 3.057951111864691143e+02
1.015399031168831129e+03 3.064072336845508744e+02
1.016014115584415549e+03 3.062796477496887633e+02
1.016629199999999969e+03 3.055199890136718750e+02
