# wavelength, intensity
4.009297000000000253e+02 2.819500122070312500e+02
4.015447844155844450e+02 2.805523903567647608e+02
4.021598688311688647e+02 2.808420226125882095e+02
4.027749532467532845e+02 2.831347195486296187e+02
4.033900376623377042e+02 2.812493278715355700e+02
4.040051220779221239e+02 2.829284236008463722e+02
4.046202064935065437e+02 2.824909161720943871e+02
4.052352909090909066e+02 2.826323560024630979e+02
4.058503753246753263e+02 2.826515913830784257e+02
4.064654597402597460e+02 2.827453428686302459e+02
4.070805441558441657e+02 2.827595471049897924e+02
4.076956285714285855e+02 2.830441544003363106e+02
4.083107129870130052e+02 2.831665238350641403e+02
4.089257974025974249e+02 2.831798301624862688e+02
4.095408818181818447e+02 2.832789664483362913e+02
4.101559662337662644e+02 2.843358040310521346e+02
4.107710506493506841e+02 2.854265706707506638e+02
4.113861350649351039e+02 2.839734388291963114e+02
4.120012194805195236e+02 2.843536426013965865e+02
4.126163038961039433e+02 2.845550509350916855e+02
4.132313883116883062e+02 2.868776921521578060e+02
4.138464727272727259e+02 2.862651617648161277e+02
4.144615571428571457e+02 2.862337950447980006e+02
4.150766415584415654e+02 2.854611845126082130e+02
4.156917259740259851e+02 2.878966537870588240e+02
4.163068103896104049e+02 2.851328890339504483e+02
4.169218948051948246e+02 2.873637618930205804e+02
4.175369792207792443e+02 2.867251141618501151e+02
4.181520636363636640e+02 2.885999557716108939e+02
4.187671480519480838e+02 2.866561717879135358e+02
4.193822324675325035e+02 2.884422069740076608e+02
4.199973168831169232e+02 2.887756921736948357e+02
4.206124012987013430e+02 2.885065874987798793e+02
4.212274857142857627e+02 2.881123394853132709e+02
4.218425701298701824e+02 2.901424493086804546e+02
4.224576545454545453e+02 2.903053608170316693e+02
4.230727389610389650e+02 2.903654544047203672e+02
4.236878233766233848e+02 2.900070388595778468e+02
4.243029077922078045e+02 2.908660266514028194e+02
4.249179922077922242e+02 2.918314268103604832e+02
4.255330766233766440e+02 2.909526593921428343e+02
4.261481610389610637e+02 2.913799549358374179e+02
4.267632454545454834e+02 2.920299197017167785e+02
4.273783298701299032e+02 2.913201812919861027e+02
4.279934142857143229e+02 2.914317125007158324e+02
4.286084987012987426e+02 2.920258064469990131e+02
4.292235831168831623e+02 2.928026537609568436e+02
4.298386675324675252e+02 2.932961449606822839e+02
4.304537519480519450e+02 2.927491029000132130e+02
4.310688363636363647e+02 2.931059157940833302e+02
4.316839207792207844e+02 2.916271060814569296e+02
4.322990051948052042e+02 2.941663181613536722e+02
4.329140896103896239e+02 2.928945229756631079e+02
4.335291740259740436e+02 2.924282197892063095e+02
4.341442584415584633e+02 2.934914189636365336e+02
4.347593428571428831e+02 2.934320559081697297e+02
4.353744272727273028e+02 2.945867039539531902e+02
4.359895116883117225e+02 2.937394432529818573e+02
4.366045961038961423e+02 2.947278435734171467e+02
4.372196805194805620e+02 2.935816062966995332e+02
4.378347649350649817e+02 2.955499877929687500e+02
4.384498493506494015e+02 2.947555120489295177e+02
4.390649337662337643e+02 2.951632883533226277e+02
4.396800181818181841e+02 2.954664521245193214e+02
4.402951025974026038e+02 2.961363540814518274e+02
4.409101870129870235e+02 2.946846322723044409e+02
4.415252714285714433e+02 2.959210030775562359e+02
4.421403558441558630e+02 2.939616638864542324e+02
4.427554402597402827e+02 2.964748764227129527e+02
4.433705246753247025e+02 2.968505618782743909e+02
4.439856090909091222e+02 2.965137229300340778e+02
4.446006935064935419e+02 2.958082389817279818e+02
4.452157779220779616e+02 2.968410558654211400e+02
4.458308623376623814e+02 2.966331951168845080e+02
4.464459467532467443e+02 2.972719732543582722e+02
4.470610311688311640e+02 2.964120975793630919e+02
4.476761155844155837e+02 2.962999803629753615e+02
4.482912000000000035e+02 2.966788360537128142e+02
4.489062844155844232e+02 2.961910907536223476e+02
4.495213688311688429e+02 2.961604151666332996e+02
4.501364532467532626e+02 2.961881501329779667e+02
4.507515376623376824e+02 2.978522442156983061e+02
4.513666220779221021e+02 2.966703015486922368e+02
4.519817064935065218e+02 2.977264825081576873e+02
4.525967909090909416e+02 2.963491547580462679e+02
4.532118753246753613e+02 2.971007022731677694e+02
4.538269597402597810e+02 2.961137089038255112e+02
4.544420441558442008e+02 2.973085975548650026e+02
4.550571285714286205e+02 2.969215243174560328e+02
4.556722129870129834e+02 2.959264131953966626e+02
4.562872974025974031e+02 2.985629483565773512e+02
4.569023818181818228e+02 2.983186907831840244e+02
4.575174662337662426e+02 2.966302438194401816e+02
4.581325506493506623e+02 2.975901196382393437e+02
4.587476350649350820e+02 2.970592105834745666e+02
4.593627194805195018e+02 2.976304580215953024e+02
4.599778038961039215e+02 2.976001978754730999e+02
4.605928883116883412e+02 2.975701415982914000e+02
4.612079727272727609e+02 2.964838273194613976e+02
4.618230571428571807e+02 2.966837188745807339e+02
4.624381415584416004e+02 2.980554267488199685e+02
4.630532259740259633e+02 2.986945175291471060e+02
4.636683103896103830e+02 2.980730923731738926e+02
4.642833948051948028e+02 2.991951765070935494e+02
4.648984792207792225e+02 2.988426210534807979e+02
4.655135636363636422e+02 2.991311803854491131e+02
4.661286480519480619e+02 2.981121953024795062e+02
4.667437324675324817e+02 2.996556695882530903e+02
4.673588168831169014e+02 2.993166010948131657e+02
4.679739012987013211e+02 2.988134527168306249e+02
4.685889857142857409e+02 2.992617448242459659e+02
4.692040701298701606e+02 2.993449562983690839e+02
4.698191545454545803e+02 2.996361287452638749e+02
4.704342389610390001e+02 3.009435315672607203e+02
4.710493233766234198e+02 3.006585213584433518e+02
4.716644077922078395e+02 3.014538227137391004e+02
4.722794922077922593e+02 3.017417744378863063e+02
4.728945766233766221e+02 3.011810455025586748e+02
4.735096610389610419e+02 3.022217720937559307e+02
4.741247454545454616e+02 3.033798826367748802e+02
4.747398298701298813e+02 3.029119076384952791e+02
4.753549142857143011e+02 3.035696544181754462e+02
4.759699987012987208e+02 3.037583697274559427e+02
4.765850831168831405e+02 3.039609859111013748e+02
4.772001675324675602e+02 3.035685838827283192e+02
4.778152519480519800e+02 3.038436210354833520e+02
4.784303363636363997e+02 3.045360600443157750e+02
4.790454207792207626e+02 3.053280041582413560e+02
4.796605051948051823e+02 3.028894755439491746e+02
4.802755896103896021e+02 3.065468550823135274e+02
4.808906740259740218e+02 3.055758867368154483e+02
4.815057584415584415e+02 3.065739134532651633e+02
4.821208428571428612e+02 3.062565395019465768e+02
4.827359272727272810e+02 3.078390911816820790e+02
4.833510116883117007e+02 3.076052505390848069e+02
4.839660961038961204e+02 3.081148809417816210e+02
4.845811805194805402e+02 3.075916993848899779e+02
4.851962649350649599e+02 3.086476925818702171e+02
4.858113493506493796e+02 3.106190034126672117e+02
4.864264337662337994e+02 3.094595428024825878e+02
4.870415181818182191e+02 3.112176234428841326e+02
4.876566025974026388e+02 3.097189494037735358e+02
4.882716870129870586e+02 3.124836129543861034e+02
4.888867714285714783e+02 3.114840916308580745e+02
4.895018558441558412e+02 3.135173982756870146e+02
4.901169402597402609e+02 3.139837774234053427e+02
4.907320246753246806e+02 3.148684341663063151e+02
4.913471090909091004e+02 3.129688324237944244e+02
4.919621935064935201e+02 3.141072206173651580e+02
4.925772779220779398e+02 3.153524467193832947e+02
4.931923623376623596e+02 3.155129079983471456e+02
4.938074467532467793e+02 3.161732479365226709e+02
4.944225311688311990e+02 3.169262657214455885e+02
4.950376155844156187e+02 3.180572310713301363e+02
4.956526999999999816e+02 3.186466280302018390e+02
4.962677844155844014e+02 3.200032209870947781e+02
4.968828688311688211e+02 3.196476094894900370e+02
4.974979532467532408e+02 3.210026399165653288e+02
4.981130376623376605e+02 3.208615417271274737e+02
4.987281220779220803e+02 3.232385659134992011e+02
4.993432064935065000e+02 3.222418144555655886e+02
4.999582909090909197e+02 3.244075987108130334e+02
5.005733753246753395e+02 3.229093286665613505e+02
5.011884597402597592e+02 3.239603993402306514e+02
5.018035441558441789e+02 3.253074816749526690e+02
5.024186285714285987e+02 3.251809555904352464e+02
5.030337129870130184e+02 3.249471235711502004e+02
5.036487974025974381e+02 3.247132915518652112e+02
5.042638818181818579e+02 3.254760395037044418e+02
5.048789662337662776e+02 3.248786823836124427e+02
5.054940506493506973e+02 3.271708236921434150e+02
5.061091350649350602e+02 3.262618175395083426e+02
5.067242194805194799e+02 3.282930644309089985e+02
5.073393038961038997e+02 3.295532981030348765e+02
5.079543883116883194e+02 3.321856798895632323e+02
5.085694727272727391e+02 3.327202377346013122e+02
5.091845571428571589e+02 3.346025896947927549e+02
5.097996415584415786e+02 3.351328570810888436e+02
5.104147259740259983e+02 3.362639403034397674e+02
5.110298103896104180e+02 3.360458288090553083e+02
5.116448948051948378e+02 3.376586796967470718e+02
5.122599792207792007e+02 3.397349118793424623e+02
5.128750636363636204e+02 3.408345279375461701e+02
5.134901480519480401e+02 3.416108647753314358e+02
5.141052324675324599e+02 3.436951083420518671e+02
5.147203168831168796e+02 3.449001950801830958e+02
5.153354012987012993e+02 3.463327315697299014e+02
5.159504857142857190e+02 3.461874188585045999e+02
5.165655701298701388e+02 3.487009882418498137e+02
5.171806545454545585e+02 3.503981680066791000e+02
5.177957389610389782e+02 3.516787029080611546e+02
5.184108233766233980e+02 3.516080245983112036e+02
5.190259077922078177e+02 3.521522802957334761e+02
5.196409922077922374e+02 3.553798947336845799e+02
5.202560766233766572e+02 3.563266690672589334e+02
5.208711610389610769e+02 3.578449144391838104e+02
5.214862454545454966e+02 3.587428770757390453e+02
5.221013298701299163e+02 3.598122273417328074e+02
5.227164142857143361e+02 3.610229538210722922e+02
5.233314987012987558e+02 3.640222398168830296e+02
5.239465831168831755e+02 3.639483376833783268e+02
5.245616675324674816e+02 3.680865294480296939e+02
5.251767519480520150e+02 3.698406290428160332e+02
5.257918363636363210e+02 3.719150652386989577e+02
5.264069207792207408e+02 3.710636909096798490e+02
5.270220051948051605e+02 3.747386672607945570e+02
5.276370896103895802e+02 3.778274105824940534e+02
5.282521740259740000e+02 3.792567769994743117e+02
5.288672584415584197e+02 3.812143572836545218e+02
5.294823428571428394e+02 3.848760989514018434e+02
5.300974272727272592e+02 3.861080252307859837e+02
5.307125116883116789e+02 3.876329838731228961e+02
5.313275961038960986e+02 3.898126662217175635e+02
5.319426805194805183e+02 3.902862987964945773e+02
5.325577649350649381e+02 3.928328673724589066e+02
5.331728493506493578e+02 3.919612311543545502e+02
5.337879337662337775e+02 3.938827714491319512e+02
5.344030181818181973e+02 3.929882393392994118e+02
5.350181025974026170e+02 3.937286191256256416e+02
5.356331870129870367e+02 3.942401879073385658e+02
5.362482714285714565e+02 3.964622768192504054e+02
5.368633558441558762e+02 3.975969207199060520e+02
5.374784402597402959e+02 3.996051052966209909e+02
5.380935246753247156e+02 3.998398369677659048e+02
5.387086090909091354e+02 4.027910208428658621e+02
5.393236935064935551e+02 4.018618671417236783e+02
5.399387779220778611e+02 4.048348460369554118e+02
5.405538623376623946e+02 4.062223653905290917e+02
5.411689467532467006e+02 4.077132356672253763e+02
5.417840311688312340e+02 4.099504854318468574e+02
5.423991155844155401e+02 4.126139727518127529e+02
5.430142000000000735e+02 4.151146095708281791e+02
5.436292844155843795e+02 4.148546751351974535e+02
5.442443688311687993e+02 4.188818971188539422e+02
5.448594532467532190e+02 4.215045567316237793e+02
5.454745376623376387e+02 4.218077060588943823e+02
5.460896220779220585e+02 4.232174772104416434e+02
5.467047064935064782e+02 4.253583556340048517e+02
5.473197909090908979e+02 4.284762513194039570e+02
5.479348753246753176e+02 4.320142729464506033e+02
5.485499597402597374e+02 4.322729233654038126e+02
5.491650441558441571e+02 4.350137270131904188e+02
5.497801285714285768e+02 4.352138202876835180e+02
5.503952129870129966e+02 4.383039625962414902e+02
5.510102974025974163e+02 4.428780791169282907e+02
5.516253818181818360e+02 4.454966463790736384e+02
5.522404662337662558e+02 4.476786666149876623e+02
5.528555506493506755e+02 4.524442772125032093e+02
5.534706350649350952e+02 4.533430889110582598e+02
5.540857194805195149e+02 4.603370432233476208e+02
5.547008038961039347e+02 4.628036098153050375e+02
5.553158883116883544e+02 4.663664099408008497e+02
5.559309727272727741e+02 4.686582693620163695e+02
5.565460571428570802e+02 4.742296832675361316e+02
5.571611415584416136e+02 4.747868848080831299e+02
5.577762259740259196e+02 4.795940363745575610e+02
5.583913103896104531e+02 4.845859103567659076e+02
5.590063948051947591e+02 4.881129429614259720e+02
5.596214792207792925e+02 4.916896693808797636e+02
5.602365636363635986e+02 4.941063225966234995e+02
5.608516480519480183e+02 4.991871950317124629e+02
5.614667324675324380e+02 5.027033541714617968e+02
5.620818168831168578e+02 5.066921583154698396e+02
5.626969012987012775e+02 5.095606365020388466e+02
5.633119857142856972e+02 5.118076560471085372e+02
5.639270701298701169e+02 5.142689810761440867e+02
5.645421545454545367e+02 5.185783793629466345e+02
5.651572389610389564e+02 5.201285342437040526e+02
5.657723233766233761e+02 5.214828121707396349e+02
5.663874077922077959e+02 5.217915539857340264e+02
5.670024922077922156e+02 5.259679800469920110e+02
5.676175766233766353e+02 5.260843667921963061e+02
5.682326610389610551e+02 5.293872358694619606e+02
5.688477454545454748e+02 5.303310225628919170e+02
5.694628298701298945e+02 5.318868142515760837e+02
5.700779142857143142e+02 5.328908362987361897e+02
5.706929987012987340e+02 5.358555398916272452e+02
5.713080831168831537e+02 5.394442502078001098e+02
5.719231675324675734e+02 5.410858551245837589e+02
5.725382519480519932e+02 5.435699688065179771e+02
5.731533363636362992e+02 5.469269389706054199e+02
5.737684207792208326e+02 5.494203968477124818e+02
5.743835051948051387e+02 5.530076353612138291e+02
5.749985896103896721e+02 5.543641110865947894e+02
5.756136740259739781e+02 5.561332214599896133e+02
5.762287584415585115e+02 5.600196340641269899e+02
5.768438428571428176e+02 5.617421640139882584e+02
5.774589272727272373e+02 5.652421601245248439e+02
5.780740116883116571e+02 5.675433185939424447e+02
5.786890961038960768e+02 5.692659349828330733e+02
5.793041805194804965e+02 5.730916501886895276e+02
5.799192649350649162e+02 5.759065105231168218e+02
5.805343493506493360e+02 5.776778868478016875e+02
5.811494337662337557e+02 5.807932722154555449e+02
5.817645181818181754e+02 5.831408323914853327e+02
5.823796025974025952e+02 5.848142505794374983e+02
5.829946870129870149e+02 5.891450292627298495e+02
5.836097714285714346e+02 5.885820723397389429e+02
5.842248558441558544e+02 5.913035655826726043e+02
5.848399402597402741e+02 5.928854741510926942e+02
5.854550246753246938e+02 5.976306100687313574e+02
5.860701090909091135e+02 5.972741009928171252e+02
5.866851935064935333e+02 6.022232234581907733e+02
5.873002779220779530e+02 6.046672708307274888e+02
5.879153623376623727e+02 6.068767352032742792e+02
5.885304467532467925e+02 6.095050077379288496e+02
5.891455311688312122e+02 6.131888551659578752e+02
5.897606155844155182e+02 6.142874286091425802e+02
5.903757000000000517e+02 6.151338085094013195e+02
5.909907844155843577e+02 6.184249392805392063e+02
5.916058688311688911e+02 6.214879184244479120e+02
5.922209532467531972e+02 6.216099421315386735e+02
5.928360376623377306e+02 6.232399301883332328e+02
5.934511220779220366e+02 6.257239602834910102e+02
5.940662064935064564e+02 6.277974150625641414e+02
5.946812909090908761e+02 6.306298663584324231e+02
5.952963753246752958e+02 6.350910242947664983e+02
5.959114597402597155e+02 6.361756837096008894e+02
5.965265441558441353e+02 6.402734047820160868e+02
5.971416285714285550e+02 6.465451019651460456e+02
5.977567129870129747e+02 6.508753186205884731e+02
5.983717974025973945e+02 6.543822744714392456e+02
5.989868818181818142e+02 6.583345111603604209e+02
5.996019662337662339e+02 6.633621654026514989e+02
6.002170506493506537e+02 6.660452290221626299e+02
6.008321350649350734e+02 6.711052023294089395e+02
6.014472194805194931e+02 6.724721437391344807e+02
6.020623038961039128e+02 6.781696314526840297e+02
6.026773883116883326e+02 6.782452016378548478e+02
6.032924727272727523e+02 6.806961011332770113e+02
6.039075571428571720e+02 6.799214787493675658e+02
6.045226415584415918e+02 6.834661564631657029e+02
6.051377259740260115e+02 6.866209609943907708e+02
6.057528103896104312e+02 6.890412888110710128e+02
6.063678948051947373e+02 6.914616166277509137e+02
6.069829792207792707e+02 6.938819444444316105e+02
6.075980636363635767e+02 6.972513632163952479e+02
6.082131480519481102e+02 7.024854743484233950e+02
6.088282324675324162e+02 7.081953939840640260e+02
6.094433168831169496e+02 7.138432752382919944e+02
6.100584012987012557e+02 7.135474118740922904e+02
6.106734857142856754e+02 7.189183418172170832e+02
6.112885701298700951e+02 7.202634526830858022e+02
6.119036545454545148e+02 7.245452944356430862e+02
6.125187389610389346e+02 7.281945995819407926e+02
6.131338233766233543e+02 7.333335852081628445e+02
6.137489077922077740e+02 7.340733154696639531e+02
6.143639922077921938e+02 7.405585407209069899e+02
6.149790766233766135e+02 7.436927879296021047e+02
6.155941610389610332e+02 7.474473800662038911e+02
6.162092454545454530e+02 7.491143777573430498e+02
6.168243298701298727e+02 7.543989960641569041e+02
6.174394142857142924e+02 7.576182218331604190e+02
6.180544987012987121e+02 7.585146659104473201e+02
6.186695831168831319e+02 7.643421317814145368e+02
6.192846675324675516e+02 7.614021394485801011e+02
6.198997519480519713e+02 7.637910525025847619e+02
6.205148363636363911e+02 7.665567213394413102e+02
6.211299207792208108e+02 7.671017676757170420e+02
6.217450051948052305e+02 7.645341170479434822e+02
6.223600896103896503e+02 7.676640632102709105e+02
6.229751740259739563e+02 7.656662094994017025e+02
6.235902584415584897e+02 7.649300294315827387e+02
6.242053428571427958e+02 7.654212675856431360e+02
6.248204272727273292e+02 7.638521575033227009e+02
6.254355116883116352e+02 7.646330814909192668e+02
6.260505961038961686e+02 7.677137684843829675e+02
6.266656805194804747e+02 7.707970966057649775e+02
6.272807649350648944e+02 7.725471128000751833e+02
6.278958493506493141e+02 7.730330702968828973e+02
6.285109337662337339e+02 7.777990403605016354e+02
6.291260181818181536e+02 7.802675570785777381e+02
6.297411025974025733e+02 7.815108606599259247e+02
6.303561870129869931e+02 7.845592039115978196e+02
6.309712714285714128e+02 7.881387847308752725e+02
6.315863558441558325e+02 7.892026152595925623e+02
6.322014402597402523e+02 7.925419722792531729e+02
6.328165246753246720e+02 7.969286117171307069e+02
6.334316090909090917e+02 7.982495611599501899e+02
6.340466935064935114e+02 8.009055707743724497e+02
6.346617779220779312e+02 8.034077858185204377e+02
6.352768623376623509e+02 8.082169971383334541e+02
6.358919467532467706e+02 8.139339567307728203e+02
6.365070311688311904e+02 8.198961943759157975e+02
6.371221155844156101e+02 8.235368439567918131e+02
6.377372000000000298e+02 8.286375516830908055e+02
6.383522844155844496e+02 8.365136822589805661e+02
6.389673688311688693e+02 8.434819565436339417e+02
6.395824532467531753e+02 8.527358279125440959e+02
6.401975376623377088e+02 8.581503312476497740e+02
6.408126220779220148e+02 8.669682400734429848e+02
6.414277064935065482e+02 8.748759295000571683e+02
6.420427909090908543e+02 8.792997348887837461e+02
6.426578753246753877e+02 8.869698692390375072e+02
6.432729597402596937e+02 8.926533467969474032e+02
6.438880441558441134e+02 9.035632472025081370e+02
6.445031285714285332e+02 9.078152172267477908e+02
6.451182129870129529e+02 9.141249621552381086e+02
6.457332974025973726e+02 9.231235778365348779e+02
6.463483818181817924e+02 9.321927653326208656e+02
6.469634662337662121e+02 9.370328342947573219e+02
6.475785506493506318e+02 9.445756923824827709e+02
6.481936350649350516e+02 9.443867258000592528e+02
6.488087194805194713e+02 9.498671659035203447e+02
6.494238038961038910e+02 9.576614115233716120e+02
6.500388883116883108e+02 9.617341587324483498e+02
6.506539727272727305e+02 9.659718955882181035e+02
6.512690571428571502e+02 9.771093583921942809e+02
6.518841415584415699e+02 9.767363149998818699e+02
6.524992259740259897e+02 9.756794085141850701e+02
6.531143103896104094e+02 9.799156759412353495e+02
6.537293948051948291e+02 9.855975168600858751e+02
6.543444792207792489e+02 9.889325079052006231e+02
6.549595636363636686e+02 9.904596182455785538e+02
6.555746480519480883e+02 9.942177698480054460e+02
6.561897324675323944e+02 9.994629156970200938e+02
6.568048168831169278e+02 9.983111069496500249e+02
6.574199012987012338e+02 1.002933668462616765e+03
6.580349857142857672e+02 1.004907028502451794e+03
6.586500701298700733e+02 1.002569793297971842e+03
6.592651545454546067e+02 1.002505794772468676e+03
6.598802389610389127e+02 1.005730879932243397e+03
6.604953233766234462e+02 1.008240500710222022e+03
6.611104077922077522e+02 1.011909870506320090e+03
6.617254922077922856e+02 1.012604575170071712e+03
6.623405766233765917e+02 1.014380112689742873e+03
6.629556610389610114e+02 1.020434391503745587e+03
6.635707454545454311e+02 1.020736259718370661e+03
6.641858298701298509e+02 1.025173258807360298e+03
6.648009142857142706e+02 1.028836802213667170e+03
6.654159987012986903e+02 1.033346256890408768e+03
6.660310831168831101e+02 1.035393944485929751e+03
6.666461675324675298e+02 1.042298047651950128e+03
6.672612519480519495e+02 1.041879199691599752e+03
6.678763363636363692e+02 1.046125633742409491e+03
6.684914207792207890e+02 1.043655285530595847e+03
6.691065051948052087e+02 1.053674779369542648e+03
6.697215896103896284e+02 1.051615999284670352e+03
6.703366740259739345e+02 1.054556077497295291e+03
6.709517584415584679e+02 1.056873911222801098e+03
6.715668428571427739e+02 1.060067462318490698e+03
6.721819272727273074e+02 1.061887359413535478e+03
6.727970116883116134e+02 1.064011657289077675e+03
6.734120961038961468e+02 1.066377523292521573e+03
6.740271805194804529e+02 1.068763680238440656e+03
6.746422649350649863e+02 1.070564219266103009e+03
6.752573493506492923e+02 1.077367802538819205e+03
6.758724337662338257e+02 1.079608172745585762e+03
6.764875181818181318e+02 1.084371256802357721e+03
6.771026025974026652e+02 1.089049731310735524e+03
6.777176870129869712e+02 1.091491920278941279e+03
6.783327714285715047e+02 1.093175986296536621e+03
6.789478558441558107e+02 1.099427714197949854e+03
6.795629402597402304e+02 1.103773394142252755e+03
6.801780246753246502e+02 1.107810027555485249e+03
6.807931090909090699e+02 1.113509602982186152e+03
6.814081935064934896e+02 1.117561684614622209e+03
6.820232779220779094e+02 1.121282550659034086e+03
6.826383623376623291e+02 1.124377713211396667e+03
6.832534467532467488e+02 1.127900140394820710e+03
6.838685311688311685e+02 1.135624129697247781e+03
6.844836155844155883e+02 1.141215344864937379e+03
6.850987000000000080e+02 1.146075474263157503e+03
6.857137844155844277e+02 1.152643623149874657e+03
6.863288688311688475e+02 1.155400142086120468e+03
6.869439532467531535e+02 1.164306006768415273e+03
6.875590376623376869e+02 1.170356436344767417e+03
6.881741220779219930e+02 1.178911851639302313e+03
6.887892064935065264e+02 1.182194865379260364e+03
6.894042909090908324e+02 1.190954528354658578e+03
6.900193753246753658e+02 1.195163496067689493e+03
6.906344597402596719e+02 1.201348635567332167e+03
6.912495441558442053e+02 1.204772529913049766e+03
6.918646285714285113e+02 1.214190744388996563e+03
6.924797129870130448e+02 1.219391089599066163e+03
6.930947974025973508e+02 1.222421038636764706e+03
6.937098818181818842e+02 1.232984877027375660e+03
6.943249662337661903e+02 1.237130048364802406e+03
6.949400506493507237e+02 1.243689554815132624e+03
6.955551350649350297e+02 1.245124254929095059e+03
6.961702194805194495e+02 1.248119065003751530e+03
6.967853038961038692e+02 1.253051895575734079e+03
6.974003883116882889e+02 1.257694270462506211e+03
6.980154727272727087e+02 1.261114570311644684e+03
6.986305571428571284e+02 1.272600130181455825e+03
6.992456415584415481e+02 1.276673912005384636e+03
6.998607259740259678e+02 1.282165941627719349e+03
7.004758103896103876e+02 1.282825576976188586e+03
7.010908948051948073e+02 1.290162464131252136e+03
7.017059792207792270e+02 1.291059028644769796e+03
7.023210636363636468e+02 1.295695661621734644e+03
7.029361480519480665e+02 1.300592258155215404e+03
7.035512324675323725e+02 1.304324067325135275e+03
7.041663168831169060e+02 1.304010418671895877e+03
7.047814012987012120e+02 1.307088821487874611e+03
7.053964857142857454e+02 1.307575540103172216e+03
7.060115701298700515e+02 1.311813505116763736e+03
7.066266545454545849e+02 1.308493352716618574e+03
7.072417389610388909e+02 1.306326927673595037e+03
7.078568233766234243e+02 1.304815077518482212e+03
7.084719077922077304e+02 1.305345793891858648e+03
7.090869922077922638e+02 1.303290195419359179e+03
7.097020766233765698e+02 1.301234596946860393e+03
7.103171610389611033e+02 1.303817854068302950e+03
7.109322454545454093e+02 1.308069687958448185e+03
7.115473298701299427e+02 1.315915409102988860e+03
7.121624142857142488e+02 1.324048061111770721e+03
7.127774987012986685e+02 1.333911777830325263e+03
7.133925831168830882e+02 1.337818939839216455e+03
7.140076675324675080e+02 1.345436151616702546e+03
7.146227519480519277e+02 1.347477774210929056e+03
7.152378363636363474e+02 1.349767199051038233e+03
7.158529207792207671e+02 1.351055368911594996e+03
7.164680051948051869e+02 1.355120876191531352e+03
7.170830896103896066e+02 1.358583512995770207e+03
7.176981740259740263e+02 1.355966440436175844e+03
7.183132584415584461e+02 1.357982055526473459e+03
7.189283428571428658e+02 1.358892780863626058e+03
7.195434272727272855e+02 1.353687045032052993e+03
7.201585116883115916e+02 1.350856533568073473e+03
7.207735961038961250e+02 1.350536006382532833e+03
7.213886805194804310e+02 1.346736115280850072e+03
7.220037649350649644e+02 1.349124562693870757e+03
7.226188493506492705e+02 1.346012249241967993e+03
7.232339337662338039e+02 1.343176103896532368e+03
7.238490181818181100e+02 1.340974989296890271e+03
7.244641025974026434e+02 1.339501896345156638e+03
7.250791870129869494e+02 1.335992736858452417e+03
7.256942714285714828e+02 1.332884532728579416e+03
7.263093558441557889e+02 1.333333758609499455e+03
7.269244402597403223e+02 1.333228243883434288e+03
7.275395246753246283e+02 1.328182986755604361e+03
7.281546090909091618e+02 1.323154184722567607e+03
7.287696935064934678e+02 1.318631958121048228e+03
7.293847779220778875e+02 1.320928978767771241e+03
7.299998623376623073e+02 1.317034788678462292e+03
7.306149467532467270e+02 1.317015542257152219e+03
7.312300311688311467e+02 1.315996670999409616e+03
7.318451155844155664e+02 1.313434635722215489e+03
7.324601999999999862e+02 1.308705159348254710e+03
7.330752844155844059e+02 1.303725464558189515e+03
7.336903688311688256e+02 1.303108466729054499e+03
7.343054532467532454e+02 1.296857939051428502e+03
7.349205376623376651e+02 1.298128751365217795e+03
7.355356220779220848e+02 1.294231193399636368e+03
7.361507064935065046e+02 1.295172152678659813e+03
7.367657909090908106e+02 1.293264174402784192e+03
7.373808753246753440e+02 1.292637772981379157e+03
7.379959597402596501e+02 1.289712565999866683e+03
7.386110441558441835e+02 1.291097160631249380e+03
7.392261285714284895e+02 1.292381351881241699e+03
7.398412129870130229e+02 1.292473771745087333e+03
7.404562974025973290e+02 1.292205335309389966e+03
7.410713818181818624e+02 1.294149426540274817e+03
7.416864662337661684e+02 1.299025056135942123e+03
7.423015506493507019e+02 1.306719055108448629e+03
7.429166350649350079e+02 1.308281208864004611e+03
7.435317194805195413e+02 1.313301515390209033e+03
7.441468038961038474e+02 1.318259950547401104e+03
7.447618883116883808e+02 1.327195624762277930e+03
7.453769727272726868e+02 1.334696095828204307e+03
7.459920571428571066e+02 1.336757510640250530e+03
7.466071415584415263e+02 1.338923461395811273e+03
7.472222259740259460e+02 1.348975952458776646e+03
7.478373103896103657e+02 1.355751124072981611e+03
7.484523948051947855e+02 1.364276929764967235e+03
7.490674792207792052e+02 1.373903334979461761e+03
7.496825636363636249e+02 1.382512048619147890e+03
7.502976480519480447e+02 1.391443008980623745e+03
7.509127324675324644e+02 1.399323291577532245e+03
7.515278168831168841e+02 1.403269093185107522e+03
7.521429012987013039e+02 1.410271995096981300e+03
7.527579857142857236e+02 1.416931668153461032e+03
7.533730701298700296e+02 1.426739923251565415e+03
7.539881545454545630e+02 1.431948679840657860e+03
7.546032389610388691e+02 1.443017993790227365e+03
7.552183233766234025e+02 1.442828663460353710e+03
7.558334077922077086e+02 1.450846069060496347e+03
7.564484922077922420e+02 1.459077980906308994e+03
7.570635766233765480e+02 1.468092989547191337e+03
7.576786610389610814e+02 1.474645466997936182e+03
7.582937454545453875e+02 1.482155805358864654e+03
7.589088298701299209e+02 1.488520516688816315e+03
7.595239142857142269e+02 1.486345328245256724e+03
7.601389987012987604e+02 1.491069186034500945e+03
7.607540831168830664e+02 1.498287945720069047e+03
7.613691675324675998e+02 1.501388153796926190e+03
7.619842519480519059e+02 1.502513561021471560e+03
7.625993363636363256e+02 1.505183508002997542e+03
7.632144207792207453e+02 1.498551025736123847e+03
7.638295051948051650e+02 1.495872581715677370e+03
7.644445896103895848e+02 1.491369457361749028e+03
7.650596740259740045e+02 1.485148059722423341e+03
7.656747584415584242e+02 1.492835825511890562e+03
7.662898428571428440e+02 1.493497742985678997e+03
7.669049272727272637e+02 1.492828048603053958e+03
7.675200116883116834e+02 1.487907914411540787e+03
7.681350961038961032e+02 1.491498543576685051e+03
7.687501805194805229e+02 1.478964856793766558e+03
7.693652649350649426e+02 1.478577546364192813e+03
7.699803493506492487e+02 1.457537896066831763e+03
7.705954337662337821e+02 1.456877651336827739e+03
7.712105181818180881e+02 1.444960861468495750e+03
7.718256025974026215e+02 1.436795107638495892e+03
7.724406870129869276e+02 1.428995403428090412e+03
7.730557714285714610e+02 1.426873639687046989e+03
7.736708558441557670e+02 1.410133013096101422e+03
7.742859402597403005e+02 1.408302935258798016e+03
7.749010246753246065e+02 1.392079936560965280e+03
7.755161090909091399e+02 1.380794429694692553e+03
7.761311935064934460e+02 1.375843066887052146e+03
7.767462779220779794e+02 1.365320016503034594e+03
7.773613623376622854e+02 1.358601795315319578e+03
7.779764467532468188e+02 1.351442916736540838e+03
7.785915311688311249e+02 1.343261778447727465e+03
7.792066155844155446e+02 1.335764010167639526e+03
7.798216999999999643e+02 1.329070507977462739e+03
7.804367844155843841e+02 1.323001458578946995e+03
7.810518688311688038e+02 1.312695890636948889e+03
7.816669532467532235e+02 1.310440273930482590e+03
7.822820376623376433e+02 1.303710428061121092e+03
7.828971220779220630e+02 1.300057009968304783e+03
7.835122064935064827e+02 1.290577492007005503e+03
7.841272909090909025e+02 1.291556200396351642e+03
7.847423753246753222e+02 1.285641306452406752e+03
7.853574597402597419e+02 1.281645166091524970e+03
7.859725441558441617e+02 1.279272601055464975e+03
7.865876285714284677e+02 1.275860850616643575e+03
7.872027129870130011e+02 1.276974252391413984e+03
7.878177974025973072e+02 1.271752914672787028e+03
7.884328818181818406e+02 1.267568550107187775e+03
7.890479662337661466e+02 1.265208792691011695e+03
7.896630506493506800e+02 1.262567530955045413e+03
7.902781350649349861e+02 1.259639825830427071e+03
7.908932194805195195e+02 1.259117557597752011e+03
7.915083038961038255e+02 1.256757737208375374e+03
7.921233883116883590e+02 1.250287437935914795e+03
7.927384727272726650e+02 1.251886665277297425e+03
7.933535571428571984e+02 1.245130800993548519e+03
7.939686415584415045e+02 1.246355651599918701e+03
7.945837259740259242e+02 1.235811608209742644e+03
7.951988103896103439e+02 1.237167240199631806e+03
7.958138948051947636e+02 1.228464220359610181e+03
7.964289792207791834e+02 1.225060127482933240e+03
7.970440636363636031e+02 1.215073519813028270e+03
7.976591480519480228e+02 1.211746676566418273e+03
7.982742324675324426e+02 1.199466362767574992e+03
7.988893168831168623e+02 1.194457659816791647e+03
7.995044012987012820e+02 1.185717142415456692e+03
8.001194857142857018e+02 1.174052620165527742e+03
8.007345701298701215e+02 1.167240112480494872e+03
8.013496545454545412e+02 1.150318533457879084e+03
8.019647389610389610e+02 1.144749689067254167e+03
8.025798233766233807e+02 1.127632543635905677e+03
8.031949077922076867e+02 1.112374971529882259e+03
8.038099922077922201e+02 1.100041501144565018e+03
8.044250766233765262e+02 1.077243810091629712e+03
8.050401610389610596e+02 1.070428426383234410e+03
8.056552454545453656e+02 1.045162707696456664e+03
8.062703298701298991e+02 1.032601161820406787e+03
8.068854142857142051e+02 1.010104218064251995e+03
8.075004987012987385e+02 9.899613511759234825e+02
8.081155831168830446e+02 9.706502356713618838e+02
8.087306675324675780e+02 9.510939819032921605e+02
8.093457519480518840e+02 9.323321655089613387e+02
8.099608363636364174e+02 9.171496181575010951e+02
8.105759207792207235e+02 8.983036421532093527e+02
8.111910051948051432e+02 8.797729758354646492e+02
8.118060896103895629e+02 8.627952139239225744e+02
8.124211740259739827e+02 8.458174520123803859e+02
8.130362584415584024e+02 8.288396901008381974e+02
8.136513428571428221e+02 8.167082929802104445e+02
8.142664272727272419e+02 8.118402225057127453e+02
8.148815116883116616e+02 8.091706576191727436e+02
8.154965961038960813e+02 8.132553379130043822e+02
8.161116805194805011e+02 8.123520216151875957e+02
8.167267649350649208e+02 8.195416847447743294e+02
8.173418493506493405e+02 8.235938835838385330e+02
8.179569337662337603e+02 8.285115724198647058e+02
8.185720181818181800e+02 8.361507571793738407e+02
8.191871025974025997e+02 8.438004866011697231e+02
8.198021870129869058e+02 8.529882081715587674e+02
8.204172714285714392e+02 8.600882610902856413e+02
8.210323558441557452e+02 8.705911817797069716e+02
8.216474402597402786e+02 8.784785377613407036e+02
8.222625246753245847e+02 8.825099458557140224e+02
8.228776090909091181e+02 8.861391523559768757e+02
8.234926935064934241e+02 8.965718479896751205e+02
8.241077779220779576e+02 8.982986441862367428e+02
8.247228623376622636e+02 9.039351369518728916e+02
8.253379467532467970e+02 9.077220963601411086e+02
8.259530311688311031e+02 9.141056031641089703e+02
8.265681155844156365e+02 9.147809277164535615e+02
8.271831999999999425e+02 9.211193025008482209e+02
8.277982844155843623e+02 9.163880971274069225e+02
8.284133688311687820e+02 9.183567837648545265e+02
8.290284532467532017e+02 9.135449559595681421e+02
8.296435376623376214e+02 9.146778102484622650e+02
8.302586220779220412e+02 9.114473762561078729e+02
8.308737064935064609e+02 9.067378075004227185e+02
8.314887909090908806e+02 8.946633049885750779e+02
8.321038753246753004e+02 8.909629757931481890e+02
8.327189597402597201e+02 8.837449982556793202e+02
8.333340441558441398e+02 8.761772022950234486e+02
8.339491285714285596e+02 8.637585361182414090e+02
8.345642129870129793e+02 8.573171480811230367e+02
8.351792974025973990e+02 8.444439083467688079e+02
8.357943818181818187e+02 8.321514826476815188e+02
8.364094662337661248e+02 8.154061404114700053e+02
8.370245506493506582e+02 8.011553243962451916e+02
8.376396350649349642e+02 7.883275711657904594e+02
8.382547194805194977e+02 7.710517574793525455e+02
8.388698038961038037e+02 7.507621767689562375e+02
8.394848883116883371e+02 7.316050328719903746e+02
8.400999727272726432e+02 7.147739817775461688e+02
8.407150571428571766e+02 6.959191539440589622e+02
8.413301415584414826e+02 6.760651165299367449e+02
8.419452259740260160e+02 6.537011719853875320e+02
8.425603103896103221e+02 6.329342862228229478e+02
8.431753948051948555e+02 6.123466872385093893e+02
8.437904792207791616e+02 5.932898420401774047e+02
8.444055636363635813e+02 5.751145442924407689e+02
8.450206480519480010e+02 5.532420127596712973e+02
8.456357324675324207e+02 5.348022649201031982e+02
8.462508168831168405e+02 5.187054041139707579e+02
8.468659012987012602e+02 5.028073183423014143e+02
8.474809857142856799e+02 4.906279274128979750e+02
8.480960701298700997e+02 4.779109160249293495e+02
8.487111545454545194e+02 4.667631651572209535e+02
8.493262389610389391e+02 4.562539863688965056e+02
8.499413233766233589e+02 4.491411514180650784e+02
8.505564077922077786e+02 4.430457844778152321e+02
8.511714922077921983e+02 4.391880642677889455e+02
8.517865766233766180e+02 4.361042564793687006e+02
8.524016610389610378e+02 4.352151162255042323e+02
8.530167454545453438e+02 4.328318995741889239e+02
8.536318298701298772e+02 4.358097395440423156e+02
8.542469142857141833e+02 4.348855865668070351e+02
8.548619987012987167e+02 4.369152060712869456e+02
8.554770831168830227e+02 4.398016934686984314e+02
8.560921675324675562e+02 4.430657582955593057e+02
8.567072519480518622e+02 4.456917547309107022e+02
8.573223363636363956e+02 4.507570185998286547e+02
8.579374207792207017e+02 4.545199008339775446e+02
8.585525051948052351e+02 4.561730827422194920e+02
8.591675896103895411e+02 4.594411055235635217e+02
8.597826740259740745e+02 4.618479769126050201e+02
8.603977584415583806e+02 4.636579670995992615e+02
8.610128428571428003e+02 4.684116139106596393e+02
8.616279272727272200e+02 4.710891694439258686e+02
8.622430116883116398e+02 4.730170245850100059e+02
8.628580961038960595e+02 4.754576787923938355e+02
8.634731805194804792e+02 4.768546579724080061e+02
8.640882649350648990e+02 4.756588361671567213e+02
8.647033493506493187e+02 4.759310628554702021e+02
8.653184337662337384e+02 4.747218925519972572e+02
8.659335181818181582e+02 4.740621049108586362e+02
8.665486025974025779e+02 4.731088045185349529e+02
8.671636870129869976e+02 4.710874646195977107e+02
8.677787714285714173e+02 4.703581032922959366e+02
8.683938558441558371e+02 4.676893239379396050e+02
8.690089402597402568e+02 4.661873463048348754e+02
8.696240246753245628e+02 4.629367557999726728e+02
8.702391090909090963e+02 4.604884362043846977e+02
8.708541935064934023e+02 4.580243585384304197e+02
8.714692779220779357e+02 4.534711483693283753e+02
8.720843623376622418e+02 4.523618171375884458e+02
8.726994467532467752e+02 4.494721391921223130e+02
8.733145311688310812e+02 4.414099184165751240e+02
8.739296155844156146e+02 4.387003700122000396e+02
8.745446999999999207e+02 4.320203857717315827e+02
8.751597844155844541e+02 4.280703990483694952e+02
8.757748688311687602e+02 4.202650705673066227e+02
8.763899532467532936e+02 4.168204299269065700e+02
8.770050376623375996e+02 4.084493197572685403e+02
8.776201220779220193e+02 4.045915750240363309e+02
8.782352064935064391e+02 3.958488340373268102e+02
8.788502909090908588e+02 3.894855407854370810e+02
8.794653753246752785e+02 3.810472190769554572e+02
8.800804597402596983e+02 3.752174704908474041e+02
8.806955441558441180e+02 3.683326661829662498e+02
8.813106285714285377e+02 3.617044699068856630e+02
8.819257129870129575e+02 3.547017757227284847e+02
8.825407974025973772e+02 3.494345147278695549e+02
8.831558818181817969e+02 3.423497483488414446e+02
8.837709662337662166e+02 3.391908248667171506e+02
8.843860506493506364e+02 3.324368655082050168e+02
8.850011350649350561e+02 3.289228474872550692e+02
8.856162194805194758e+02 3.244358433291712345e+02
8.862313038961037819e+02 3.218059963569178876e+02
8.868463883116883153e+02 3.183930927318376689e+02
8.874614727272726213e+02 3.139304959099462167e+02
8.880765571428571548e+02 3.134848428701417902e+02
8.886916415584414608e+02 3.113950271995478829e+02
8.893067259740259942e+02 3.095873430938145816e+02
8.899218103896103003e+02 3.090837533754306037e+02
8.905368948051948337e+02 3.075782705198386680e+02
8.911519792207791397e+02 3.083715277249161772e+02
8.917670636363636731e+02 3.099268417344980548e+02
8.923821480519479792e+02 3.091368401059163489e+02
8.929972324675325126e+02 3.102570711050719865e+02
8.936123168831168186e+02 3.111061540716520426e+02
8.942274012987012384e+02 3.112659364757000162e+02
8.948424857142856581e+02 3.140985022676612743e+02
8.954575701298700778e+02 3.155515537067919354e+02
8.960726545454544976e+02 3.179355014259709833e+02
8.966877389610389173e+02 3.194664468292731385e+02
8.973028233766233370e+02 3.198707925375402397e+02
8.979179077922077568e+02 3.222576229136946608e+02
8.985329922077921765e+02 3.229485179706884992e+02
8.991480766233765962e+02 3.244725067552652717e+02
8.997631610389610159e+02 3.242119869170264792e+02
9.003782454545454357e+02 3.270137287016685264e+02
9.009933298701298554e+02 3.257130669023628684e+02
9.016084142857142751e+02 3.279503063254116455e+02
9.022234987012986949e+02 3.272712435330543030e+02
9.028385831168830009e+02 3.281220941845117522e+02
9.034536675324675343e+02 3.268077526342152623e+02
9.040687519480518404e+02 3.288330477538059995e+02
9.046838363636363738e+02 3.285298305042484230e+02
9.052989207792206798e+02 3.285685253553134544e+02
9.059140051948052133e+02 3.270654346251700417e+02
9.065290896103895193e+02 3.283455084944677651e+02
9.071441740259740527e+02 3.278807656558542476e+02
9.077592584415583588e+02 3.265297887431902382e+02
9.083743428571428922e+02 3.245961879235872516e+02
9.089894272727271982e+02 3.257868505873322533e+02
9.096045116883117316e+02 3.246784020504685486e+02
9.102195961038960377e+02 3.246563106572391462e+02
9.108346805194804574e+02 3.237675351697218389e+02
9.114497649350648771e+02 3.238706903930774956e+02
9.120648493506492969e+02 3.219917297002993450e+02
9.126799337662337166e+02 3.228067773365808080e+02
9.132950181818181363e+02 3.222554720024535868e+02
9.139101025974025561e+02 3.191885267413253473e+02
9.145251870129869758e+02 3.167418598462538171e+02
9.151402714285713955e+02 3.142951929511822868e+02
9.157553558441558152e+02 3.118485260561107566e+02
9.163704402597402350e+02 3.094018591610392832e+02
9.169855246753246547e+02 3.080514187754475302e+02
9.176006090909090744e+02 3.072807960607617019e+02
9.182156935064934942e+02 3.083328650683951082e+02
9.188307779220779139e+02 3.069977925587774052e+02
9.194458623376623336e+02 3.065881808061496372e+02
9.200609467532467534e+02 3.042311627752743561e+02
9.206760311688311731e+02 3.040859167666815779e+02
9.212911155844155928e+02 3.030244910338967088e+02
9.219062000000000126e+02 3.047722333272294577e+02
9.225212844155844323e+02 3.039090881700973341e+02
9.231363688311687383e+02 3.023916691607340113e+02
9.237514532467531581e+02 3.014070365210268392e+02
9.243665376623375778e+02 3.026100818206572285e+02
9.249816220779219975e+02 3.000013761920785100e+02
9.255967064935064172e+02 3.003057206577365719e+02
9.262117909090908370e+02 2.995525688402577771e+02
9.268268753246752567e+02 2.996734514619541301e+02
9.274419597402596764e+02 2.981609879891876176e+02
9.280570441558440962e+02 2.986030481120171771e+02
9.286721285714285159e+02 2.996252547000201503e+02
9.292872129870129356e+02 2.997692231892889367e+02
9.299022974025973554e+02 2.995111322344394011e+02
9.305173818181817751e+02 2.991248640553723703e+02
9.311324662337661948e+02 2.995005755979935884e+02
9.317475506493506145e+02 2.982063700535841804e+02
9.323626350649350343e+02 3.004832665982906406e+02
9.329777194805194540e+02 2.981253563690079886e+02
9.335928038961038737e+02 2.999073733897488410e+02
9.342078883116882935e+02 2.997197713057922783e+02
9.348229727272727132e+02 3.000055446676793167e+02
9.354380571428571329e+02 2.995565210978193136e+02
9.360531415584415527e+02 3.015383764255639107e+02
9.366682259740259724e+02 3.015323655078761362e+02
9.372833103896103921e+02 3.014646521095638150e+02
9.378983948051948119e+02 3.016070224190122531e+02
9.385134792207792316e+02 3.032179683040206442e+02
9.391285636363636513e+02 3.024615228826354496e+02
9.397436480519479574e+02 3.039328653905295141e+02
9.403587324675323771e+02 3.037711538131993052e+02
9.409738168831167968e+02 3.048686373993801908e+02
9.415889012987012165e+02 3.054234873530580217e+02
9.422039857142856363e+02 3.072698321969588164e+02
9.428190701298700560e+02 3.060725479890202223e+02
9.434341545454544757e+02 3.073277065070106460e+02
9.440492389610388955e+02 3.078710440521714986e+02
9.446643233766233152e+02 3.092999573675614897e+02
9.452794077922077349e+02 3.086988902861528459e+02
9.458944922077921547e+02 3.103064536744945485e+02
9.465095766233765744e+02 3.092841178354847216e+02
9.471246610389609941e+02 3.097899743232504761e+02
9.477397454545454138e+02 3.099809655692896513e+02
9.483548298701298336e+02 3.124864873757219925e+02
9.489699142857142533e+02 3.102015068713209871e+02
9.495849987012986730e+02 3.129046487580683333e+02
9.502000831168830928e+02 3.124600177766043885e+02
9.508151675324675125e+02 3.136814143404251922e+02
9.514302519480519322e+02 3.133158035086300401e+02
9.520453363636363520e+02 3.144826135857159102e+02
9.526604207792207717e+02 3.146454273317199295e+02
9.532755051948051914e+02 3.135563915759234419e+02
9.538905896103896112e+02 3.138447628343908491e+02
9.545056740259740309e+02 3.144266328983504764e+02
9.551207584415584506e+02 3.138431030291868638e+02
9.557358428571428703e+02 3.133378349760449737e+02
9.563509272727271764e+02 3.155044482972423907e+02
9.569660116883115961e+02 3.152210295275947374e+02
9.575810961038960158e+02 3.155780157926092215e+02
9.581961805194804356e+02 3.148290530210255156e+02
9.588112649350648553e+02 3.142092734232872999e+02
9.594263493506492750e+02 3.154299932399379713e+02
9.600414337662336948e+02 3.148423754831193833e+02
9.606565181818181145e+02 3.136883035901657877e+02
9.612716025974025342e+02 3.142393088010961719e+02
9.618866870129869540e+02 3.153820713234849791e+02
9.625017714285713737e+02 3.149294581889656683e+02
9.631168558441557934e+02 3.154912230427050304e+02
9.637319402597402132e+02 3.131525813979969257e+02
9.643470246753246329e+02 3.137307963093327317e+02
9.649621090909090526e+02 3.125119290771914393e+02
9.655771935064934723e+02 3.120275572162045137e+02
9.661922779220778921e+02 3.122772693524580632e+02
9.668073623376623118e+02 3.135335445471251887e+02
9.674224467532467315e+02 3.131112917417057133e+02
9.680375311688311513e+02 3.108263130034703750e+02
9.686526155844155710e+02 3.118306335989706781e+02
9.692676999999999907e+02 3.094326627864388684e+02
9.698827844155844105e+02 3.109111117423748283e+02
9.704978688311688302e+02 3.103851154618882333e+02
9.711129532467532499e+02 3.106104089434043658e+02
9.717280376623376696e+02 3.103071702346334177e+02
9.723431220779220894e+02 3.092150491085021144e+02
9.729582064935063954e+02 3.087049718991320333e+02
9.735732909090908151e+02 3.093703502549954010e+02
9.741883753246752349e+02 3.076374439165392118e+02
9.748034597402596546e+02 3.069764031748457569e+02
9.754185441558440743e+02 3.066039091828590699e+02
9.760336285714284941e+02 3.075656866958640308e+02
9.766487129870129138e+02 3.050991099257850010e+02
9.772637974025973335e+02 3.063748561202907013e+02
9.778788818181817533e+02 3.055744056298426585e+02
9.784939662337661730e+02 3.053626532820096600e+02
9.791090506493505927e+02 3.030729979639204430e+02
9.797241350649350125e+02 3.059239726217169277e+02
9.803392194805194322e+02 3.042223627423766175e+02
9.809543038961038519e+02 3.039292825533515270e+02
9.815693883116882716e+02 3.024021747173953827e+02
9.821844727272726914e+02 3.041212584981008717e+02
9.827995571428571111e+02 3.020964588166872886e+02
9.834146415584415308e+02 3.036391491634079784e+02
9.840297259740259506e+02 3.023490973691747286e+02
9.846448103896103703e+02 3.018369546819403126e+02
9.852598948051947900e+02 3.009740924191958698e+02
9.858749792207792098e+02 3.028694227281744702e+02
9.864900636363636295e+02 3.020974293042725094e+02
9.871051480519480492e+02 3.019673113959747752e+02
9.877202324675324689e+02 3.023558955459432696e+02
9.883353168831168887e+02 3.015230299325099850e+02
9.889504012987013084e+02 3.018999588266605087e+02
9.895654857142856144e+02 3.024192370291148677e+02
9.901805701298700342e+02 3.011646638922279067e+02
9.907956545454544539e+02 3.018947708339564997e+02
9.914107389610388736e+02 3.019141423816744236e+02
9.920258233766232934e+02 3.010166369717632620e+02
9.926409077922077131e+02 3.014982447800744580e+02
9.932559922077921328e+02 3.018133134104896840e+02
9.938710766233765526e+02 3.011658033706817719e+02
9.944861610389609723e+02 3.007864899166385726e+02
9.951012454545453920e+02 3.000319082981459928e+02
9.957163298701298118e+02 3.004091563146642443e+02
9.963314142857142315e+02 3.015475432183663997e+02
9.969464987012986512e+02 3.009767514279418492e+02
9.975615831168830709e+02 3.002468595833306608e+02
9.981766675324674907e+02 3.005399102806804308e+02
9.987917519480519104e+02 3.007529099604601583e+02
9.994068363636363301e+02 2.993893725118799694e+02
1.000021920779220750e+03 3.009180825115602147e+02
1.000637005194805170e+03 2.998808887201109883e+02
1.001252089610389589e+03 3.007741782898273186e+02
1.001867174025974009e+03 3.005889666964780531e+02
1.002482258441558429e+03 3.008297847357763999e+02
1.003097342857142849e+03 3.009898702064604663e+02
1.003712427272727268e+03 3.015438935430514675e+02
1.004327511688311688e+03 3.008106194763738586e+02
1.004942596103896108e+03 3.009747833556105547e+02
1.005557680519480527e+03 2.994100228359757807e+02
1.006172764935064833e+03 3.010787922273448203e+02
1.006787849350649253e+03 2.995578401702910583e+02
1.007402933766233673e+03 3.003284079965418982e+02
1.008018018181818093e+03 3.001466230104579154e+02
1.008633102597402512e+03 3.016742615165481993e+02
1.009248187012986932e+03 2.992744890965230979e+02
1.009863271428571352e+03 2.995999732771375079e+02
1.010478355844155772e+03 2.996597636868116865e+02
1.011093440259740191e+03 3.012567554889802182e+02
1.011708524675324611e+03 3.006337417847982465e+02
1.012323609090909031e+03 3.015894559606790608e+02
1.012938693506493451e+03 3.008516510354586444e+02
1.013553777922077870e+03 3.011138281749588259e+02
1.014168862337662290e+03 2.999406621363251588e+02
1.014783946753246710e+03 3.001702570743855176e+02
1.015399031168831129e+03 2.997073189640777287e+02
1.016014115584415549e+03 3.018407280943429214e+02
1.016629199999999969e+03 2.996199951171875000e+02
