# wavelength, intensity
4.509759000000000242e+02 0.000000000000000000e+00
4.514880990009990001e+02 1.143936149698096929e-03
4.520002980019980328e+02 7.351062704726261943e-04
4.525124970029970086e+02 1.414327631164010758e-03
4.530246960039960413e+02 1.201230154826031082e-03
4.535368950049950172e+02 1.965466331085264154e-03
4.540490940059940499e+02 2.137171409544941138e-03
4.545612930069930258e+02 2.283313456254887526e-03
4.550734920079920585e+02 2.238401338064785039e-03
4.555856910089910343e+02 2.808490101262176887e-03
4.560978900099900102e+02 3.189625556665234493e-03
4.566100890109890429e+02 3.254359725073623609e-03
4.571222880119880188e+02 3.174820276564784167e-03
4.576344870129870515e+02 3.375711216970295452e-03
4.581466860139860273e+02 4.196693307952734965e-03
4.586588850149850600e+02 4.763003576281365538e-03
4.591710840159840359e+02 4.617124733983632781e-03
4.596832830169830686e+02 4.936626933869053650e-03
4.601954820179820445e+02 4.984332163260610932e-03
4.607076810189810203e+02 5.516288356251832989e-03
4.612198800199800530e+02 5.482834398171834711e-03
4.617320790209790289e+02 5.350071793752304850e-03
4.622442780219780616e+02 5.865522201482102453e-03
4.627564770229770374e+02 6.462871773942511881e-03
4.632686760239760702e+02 6.432182078611996950e-03
4.637808750249750460e+02 7.249016644804199237e-03
4.642930740259740219e+02 7.639260827079497919e-03
4.648052730269730546e+02 7.695773001405676293e-03
4.653174720279720304e+02 8.038082457469050701e-03
4.658296710289710632e+02 8.230326205352887087e-03
4.663418700299700390e+02 8.461916986265511850e-03
4.668540690309690717e+02 9.311454608539600913e-03
4.673662680319680476e+02 1.013252873567418826e-02
4.678784670329670803e+02 1.042184014237655318e-02
4.683906660339660561e+02 1.090950564620486556e-02
4.689028650349650320e+02 1.086336649921135211e-02
4.694150640359640647e+02 1.217563107474990518e-02
4.699272630369630406e+02 1.253658186396275180e-02
4.704394620379620733e+02 1.295330322952444567e-02
4.709516610389610491e+02 1.310525108578643010e-02
4.714638600399600818e+02 1.483724303305287637e-02
4.719760590409590577e+02 1.485716280080613856e-02
4.724882580419580904e+02 1.549761299613188620e-02
4.730004570429570663e+02 1.663517331416816333e-02
4.735126560439560421e+02 1.687212386087524885e-02
4.740248550449550748e+02 1.785478856294988453e-02
4.745370540459540507e+02 1.880924842906932931e-02
4.750492530469530834e+02 1.941848477457216310e-02
4.755614520479520593e+02 2.012376258652431166e-02
4.760736510489510920e+02 2.062956399659297141e-02
4.765858500499500678e+02 2.096295060484164308e-02
4.770980490509490437e+02 2.131264744154295204e-02
4.776102480519480764e+02 2.214973194617350302e-02
4.781224470529470523e+02 2.294379977030035558e-02
4.786346460539460850e+02 2.381256829606059541e-02
4.791468450549450608e+02 2.438431204288044052e-02
4.796590440559440935e+02 2.464982549743028814e-02
4.801712430569430694e+02 2.603969863982250749e-02
4.806834420579421021e+02 2.586584895637950368e-02
4.811956410589410780e+02 2.759279727806427870e-02
4.817078400599400538e+02 2.766236547555393083e-02
4.822200390609390865e+02 2.804933560086349253e-02
4.827322380619380624e+02 2.869718792193844126e-02
4.832444370629370951e+02 2.953695667398404529e-02
4.837566360639360710e+02 3.045987352319962094e-02
4.842688350649351037e+02 3.111255060839035469e-02
4.847810340659340795e+02 3.197913340336674265e-02
4.852932330669331122e+02 3.286171825682273478e-02
4.858054320679320881e+02 3.347277913486693124e-02
4.863176310689310640e+02 3.404493449290438289e-02
4.868298300699300967e+02 3.368934404710858393e-02
4.873420290709290725e+02 3.511343903564550367e-02
4.878542280719281052e+02 3.610522390368649248e-02
4.883664270729270811e+02 3.702691269519592376e-02
4.888786260739261138e+02 3.728102289674669473e-02
4.893908250749250897e+02 3.881945748209243013e-02
4.899030240759241224e+02 3.878304297426225095e-02
4.904152230769230982e+02 3.935692084133723262e-02
4.909274220779220741e+02 4.019616756029860405e-02
4.914396210789211068e+02 4.097258489124003256e-02
4.919518200799200827e+02 4.203909212061303358e-02
4.924640190809191154e+02 4.275984283446225553e-02
4.929762180819180912e+02 4.321034489952652047e-02
4.934884170829171239e+02 4.495268495651037061e-02
4.940006160839160998e+02 4.652897462693820346e-02
4.945128150849151325e+02 4.728312517419052535e-02
4.950250140859141084e+02 4.748845543512924400e-02
4.955372130869130842e+02 4.861411781824236805e-02
4.960494120879121169e+02 5.016667281090810004e-02
4.965616110889110928e+02 5.069114301116653398e-02
4.970738100899101255e+02 5.215026254485056328e-02
4.975860090909091014e+02 5.355688700976464489e-02
4.980982080919081341e+02 5.419555604533830145e-02
4.986104070929071099e+02 5.536922271327916756e-02
4.991226060939061426e+02 5.713826406905303523e-02
4.996348050949051185e+02 5.873177522145003188e-02
5.001470040959040944e+02 5.948858837930138393e-02
5.006592030969031271e+02 6.034098203134565658e-02
5.011714020979021029e+02 6.223165748817600929e-02
5.016836010989011356e+02 6.300606486190732380e-02
5.021958000999001115e+02 6.413658944955345775e-02
5.027079991008991442e+02 6.490159228622138787e-02
5.032201981018981201e+02 6.610279937300919673e-02
5.037323971028971528e+02 6.690172732369221997e-02
5.042445961038961286e+02 6.755428336415902901e-02
5.047567951048951045e+02 6.807850161806078271e-02
5.052689941058941372e+02 6.900275227231772446e-02
5.057811931068931131e+02 6.929676877772233956e-02
5.062933921078921458e+02 6.978192944672657883e-02
5.068055911088911216e+02 6.993920870003955681e-02
5.073177901098900975e+02 7.112049420801720701e-02
5.078299891108891302e+02 7.240829666380639573e-02
5.083421881118881629e+02 7.290694383078238916e-02
5.088543871128871388e+02 7.418837117845282492e-02
5.093665861138861146e+02 7.418394856882913613e-02
5.098787851148851473e+02 7.549250758154203711e-02
5.103909841158841232e+02 7.579367151735943997e-02
5.109031831168831559e+02 7.643277434349342314e-02
5.114153821178821318e+02 7.679719401782636456e-02
5.119275811188811076e+02 7.781898237538498186e-02
5.124397801198801972e+02 7.765856292457050392e-02
5.129519791208791730e+02 7.763713985220717373e-02
5.134641781218781489e+02 7.840657806431448884e-02
5.139763771228771247e+02 7.914436187920059762e-02
5.144885761238761006e+02 7.991078580597194003e-02
5.150007751248751902e+02 8.067468238294411842e-02
5.155129741258741660e+02 8.142162744133618624e-02
5.160251731268731419e+02 8.136593138041535445e-02
5.165373721278721177e+02 8.298432518647468059e-02
5.170495711288710936e+02 8.460939439207423862e-02
5.175617701298701832e+02 8.558099054613632628e-02
5.180739691308691590e+02 8.745970301110662926e-02
5.185861681318681349e+02 8.811357939532137029e-02
5.190983671328671107e+02 9.029509930914718374e-02
5.196105661338662003e+02 9.152409955460197311e-02
5.201227651348651762e+02 9.233189949018849596e-02
5.206349641358641520e+02 9.468110213194130820e-02
5.211471631368631279e+02 9.603194607906530289e-02
5.216593621378622174e+02 9.719978906712350986e-02
5.221715611388611933e+02 9.807560832403688922e-02
5.226837601398601691e+02 1.007921007310674244e-01
5.231959591408591450e+02 1.027692428472192498e-01
5.237081581418581209e+02 1.038946820938807525e-01
5.242203571428572104e+02 1.056626589303571312e-01
5.247325561438561863e+02 1.070681474541482492e-01
5.252447551448551621e+02 1.101591459499678127e-01
5.257569541458541380e+02 1.107751708374155458e-01
5.262691531468531139e+02 1.136993911794399043e-01
5.267813521478522034e+02 1.144386028769418945e-01
5.272935511488511793e+02 1.174155277442546913e-01
5.278057501498501551e+02 1.191207597153859654e-01
5.283179491508491310e+02 1.201523226050426746e-01
5.288301481518481069e+02 1.223342460160240924e-01
5.293423471528471964e+02 1.231760533152811837e-01
5.298545461538461723e+02 1.252605326736749847e-01
5.303667451548451481e+02 1.269865360610688276e-01
5.308789441558441240e+02 1.285710301895370000e-01
5.313911431568432135e+02 1.300176743675504620e-01
5.319033421578421894e+02 1.314555829374803309e-01
5.324155411588411653e+02 1.328305829887854728e-01
5.329277401598401411e+02 1.344315147412074862e-01
5.334399391608392307e+02 1.352079873065329396e-01
5.339521381618382065e+02 1.363746349592775131e-01
5.344643371628371824e+02 1.384275778619460107e-01
5.349765361638361583e+02 1.386123610010682461e-01
5.354887351648351341e+02 1.397277217519623527e-01
5.360009341658342237e+02 1.405519762071842926e-01
5.365131331668331995e+02 1.422100147646308266e-01
5.370253321678321754e+02 1.433685167085280987e-01
5.375375311688311513e+02 1.451797884230505153e-01
5.380497301698301271e+02 1.459506632382103763e-01
5.385619291708292167e+02 1.487802294491406274e-01
5.390741281718281925e+02 1.491101911376488398e-01
5.395863271728271684e+02 1.489461151405659378e-01
5.400985261738261443e+02 1.505430894891553739e-01
5.406107251748252338e+02 1.529875018137401566e-01
5.411229241758242097e+02 1.535672969687690848e-01
5.416351231768231855e+02 1.553731898914579024e-01
5.421473221778221614e+02 1.570343119293087231e-01
5.426595211788212509e+02 1.586765415198704565e-01
5.431717201798202268e+02 1.605848213289182425e-01
5.436839191808192027e+02 1.628275267490849332e-01
5.441961181818181785e+02 1.640523655287692562e-01
5.447083171828171544e+02 1.657181409325529375e-01
5.452205161838162439e+02 1.682577682439305722e-01
5.457327151848152198e+02 1.692421546018501033e-01
5.462449141858141957e+02 1.713556563563986834e-01
5.467571131868131715e+02 1.716671666421603903e-01
5.472693121878121474e+02 1.754091987936061969e-01
5.477815111888112369e+02 1.768486000161617056e-01
5.482937101898102128e+02 1.792988224345409276e-01
5.488059091908091887e+02 1.811512939593010185e-01
5.493181081918081645e+02 1.831089337373754955e-01
5.498303071928072541e+02 1.852200930269223000e-01
5.503425061938062299e+02 1.870044346614888886e-01
5.508547051948052058e+02 1.909569980857522831e-01
5.513669041958041817e+02 1.923102046026086698e-01
5.518791031968032712e+02 1.950307968585390517e-01
5.523913021978022471e+02 1.974768681911862611e-01
5.529035011988012229e+02 2.010430097938021021e-01
5.534157001998001988e+02 2.032593163208396558e-01
5.539278992007991747e+02 2.066897432178515237e-01
5.544400982017982642e+02 2.089694359539250590e-01
5.549522972027972401e+02 2.125994448512814883e-01
5.554644962037962159e+02 2.162619755816164446e-01
5.559766952047951918e+02 2.202789163678019468e-01
5.564888942057941676e+02 2.237688417574375255e-01
5.570010932067932572e+02 2.268197543498318702e-01
5.575132922077922331e+02 2.303737909317761512e-01
5.580254912087912089e+02 2.340834903975189396e-01
5.585376902097901848e+02 2.362692273062234338e-01
5.590498892107892743e+02 2.400677099664880743e-01
5.595620882117882502e+02 2.423393615564367054e-01
5.600742872127872261e+02 2.467042100212102906e-01
5.605864862137862019e+02 2.501032699169051798e-01
5.610986852147852915e+02 2.536043495963784533e-01
5.616108842157842673e+02 2.576012308427805264e-01
5.621230832167832432e+02 2.613446656263730961e-01
5.626352822177822190e+02 2.653713756495960086e-01
5.631474812187811949e+02 2.674512678843163349e-01
5.636596802197802845e+02 2.705891595463179589e-01
5.641718792207792603e+02 2.738414299593361356e-01
5.646840782217782362e+02 2.767293996475563844e-01
5.651962772227772120e+02 2.807292451273621925e-01
5.657084762237761879e+02 2.825859462620519125e-01
5.662206752247752775e+02 2.876349319919701553e-01
5.667328742257742533e+02 2.905878906932554129e-01
5.672450732267732292e+02 2.920502444049723478e-01
5.677572722277722050e+02 2.943175528394439966e-01
5.682694712287711809e+02 2.968762880717504271e-01
5.687816702297702705e+02 3.001257985895254277e-01
5.692938692307692463e+02 3.014929219862675924e-01
5.698060682317682222e+02 3.044534099916889058e-01
5.703182672327671980e+02 3.063594552153159345e-01
5.708304662337662876e+02 3.089604564362166128e-01
5.713426652347652634e+02 3.108663968360687035e-01
5.718548642357642393e+02 3.130837542145055163e-01
5.723670632367632152e+02 3.145263047529243128e-01
5.728792622377623047e+02 3.184648431705005556e-01
5.733914612387612806e+02 3.186666540598456776e-01
5.739036602397602564e+02 3.224623592435230668e-01
5.744158592407592323e+02 3.232311035915964581e-01
5.749280582417582082e+02 3.266437793361961495e-01
5.754402572427572977e+02 3.273959860629219731e-01
5.759524562437562736e+02 3.305382198519711823e-01
5.764646552447552494e+02 3.327194507880113505e-01
5.769768542457542253e+02 3.342017478376466677e-01
5.774890532467532012e+02 3.360512791160397694e-01
5.780012522477522907e+02 3.369351177032048339e-01
5.785134512487512666e+02 3.391546576035734395e-01
5.790256502497502424e+02 3.414791142484547848e-01
5.795378492507493320e+02 3.432211986977722895e-01
5.800500482517481942e+02 3.442060009587074587e-01
5.805622472527472837e+02 3.464907749466244469e-01
5.810744462537462596e+02 3.471183880403624911e-01
5.815866452547452354e+02 3.491059554715133517e-01
5.820988442557443250e+02 3.494896470605317607e-01
5.826110432567433008e+02 3.506275090791558524e-01
5.831232422577422767e+02 3.533665513220334287e-01
5.836354412587412526e+02 3.554648472865069020e-01
5.841476402597402284e+02 3.576307272183084640e-01
5.846598392607393180e+02 3.598336538263325335e-01
5.851720382617382938e+02 3.612930487923469713e-01
5.856842372627372697e+02 3.620201538762630733e-01
5.861964362637362456e+02 3.643752958032324130e-01
5.867086352647352214e+02 3.663856857646907161e-01
5.872208342657343110e+02 3.703841995220991112e-01
5.877330332667332868e+02 3.730399436343886932e-01
5.882452322677322627e+02 3.757981301726465162e-01
5.887574312687312386e+02 3.772251769378419661e-01
5.892696302697302144e+02 3.791960431910259000e-01
5.897818292707293040e+02 3.814568569705555912e-01
5.902940282717282798e+02 3.836476148403794584e-01
5.908062272727272557e+02 3.861087026449919746e-01
5.913184262737263452e+02 3.900268920816792884e-01
5.918306252747253211e+02 3.929234037979451033e-01
5.923428242757242970e+02 3.962381621836882362e-01
5.928550232767232728e+02 3.993311430940102436e-01
5.933672222777222487e+02 4.017974625940842759e-01
5.938794212787213382e+02 4.068002881120452718e-01
5.943916202797203141e+02 4.098003402855058819e-01
5.949038192807192900e+02 4.135149539407054764e-01
5.954160182817182658e+02 4.166808044870527472e-01
5.959282172827172417e+02 4.203059697294481145e-01
5.964404162837163312e+02 4.241009896815077784e-01
5.969526152847153071e+02 4.286486457363749003e-01
5.974648142857142830e+02 4.316221634701026821e-01
5.979770132867132588e+02 4.346876615499297158e-01
5.984892122877122347e+02 4.386023486967225438e-01
5.990014112887113242e+02 4.407148641823491753e-01
5.995136102897103001e+02 4.457906694708812512e-01
6.000258092907092760e+02 4.483916560508802163e-01
6.005380082917083655e+02 4.518075547957881577e-01
6.010502072927073414e+02 4.538373692571625595e-01
6.015624062937063172e+02 4.561953792925138584e-01
6.020746052947052931e+02 4.603682822360064542e-01
6.025868042957042690e+02 4.629170298104997028e-01
6.030990032967033585e+02 4.632861092449961360e-01
6.036112022977023344e+02 4.666030731542252230e-01
6.041234012987013102e+02 4.691079760206564586e-01
6.046356002997002861e+02 4.705615928291344008e-01
6.051477993006992619e+02 4.721533180359425708e-01
6.056599983016983515e+02 4.731647956578748926e-01
6.061721973026973274e+02 4.753228621010840982e-01
6.066843963036963032e+02 4.760670807012823968e-01
6.071965953046952791e+02 4.783219125709638475e-01
6.077087943056942549e+02 4.794122181571120467e-01
6.082209933066933445e+02 4.811201281321651479e-01
6.087331923076923204e+02 4.797953818062467568e-01
6.092453913086912962e+02 4.828055519965140374e-01
6.097575903096903858e+02 4.839700672422288519e-01
6.102697893106893616e+02 4.853772030350489985e-01
6.107819883116883375e+02 4.852868287716726736e-01
6.112941873126873134e+02 4.877403159587470061e-01
6.118063863136862892e+02 4.896065844703124115e-01
6.123185853146853788e+02 4.917457133994958540e-01
6.128307843156843546e+02 4.929933095768374018e-01
6.133429833166833305e+02 4.933008998133212031e-01
6.138551823176823063e+02 4.965662405398865165e-01
6.143673813186812822e+02 4.984988896135909009e-01
6.148795803196803718e+02 4.968597710873540740e-01
6.153917793206793476e+02 4.956732136620578544e-01
6.159039783216783235e+02 4.985819775449258917e-01
6.164161773226772993e+02 4.977639111337195388e-01
6.169283763236762752e+02 4.978165365363996231e-01
6.174405753246753648e+02 4.978178002187810258e-01
6.179527743256743406e+02 4.993870687462140245e-01
6.184649733266733165e+02 5.001910272245693179e-01
6.189771723276724060e+02 5.012799570308014152e-01
6.194893713286712682e+02 4.996588389567203081e-01
6.200015703296703578e+02 4.986835445815607781e-01
6.205137693306693336e+02 5.007957850182351844e-01
6.210259683316683095e+02 5.023882039070534100e-01
6.215381673326673990e+02 5.011995474494909120e-01
6.220503663336663749e+02 5.016606878493260480e-01
6.225625653346653507e+02 5.023321906941494719e-01
6.230747643356643266e+02 5.015736522408723586e-01
6.235869633366633025e+02 5.036490565540260311e-01
6.240991623376623920e+02 5.038860348182850890e-01
6.246113613386613679e+02 5.051809479108083645e-01
6.251235603396603437e+02 5.066226617115434649e-01
6.256357593406593196e+02 5.082025252302183604e-01
6.261479583416582955e+02 5.111082798781190206e-01
6.266601573426573850e+02 5.110184383151601395e-01
6.271723563436563609e+02 5.142993187862940907e-01
6.276845553446553367e+02 5.128408695830684039e-01
6.281967543456543126e+02 5.161635576029872663e-01
6.287089533466532885e+02 5.189594589390528201e-01
6.292211523476523780e+02 5.180235901067483661e-01
6.297333513486513539e+02 5.220350395914049590e-01
6.302455503496503297e+02 5.225519464926611235e-01
6.307577493506494193e+02 5.256506969176737432e-01
6.312699483516483951e+02 5.285949214221040693e-01
6.317821473526473710e+02 5.298260942951711350e-01
6.322943463536463469e+02 5.313941169869487169e-01
6.328065453546453227e+02 5.358463375562184661e-01
6.333187443556444123e+02 5.354035848524547614e-01
6.338309433566433881e+02 5.396512104357583661e-01
6.343431423576423640e+02 5.438807531292749742e-01
6.348553413586413399e+02 5.467909811101795414e-01
6.353675403596403157e+02 5.514069997322414984e-01
6.358797393606394053e+02 5.536752705958357668e-01
6.363919383616383811e+02 5.617565539254849583e-01
6.369041373626373570e+02 5.668081359526924157e-01
6.374163363636363329e+02 5.713075407716933229e-01
6.379285353646353087e+02 5.772678878369968958e-01
6.384407343656343983e+02 5.833885020574307578e-01
6.389529333666333741e+02 5.885434770207236266e-01
6.394651323676323500e+02 5.944778130949527339e-01
6.399773313686314395e+02 5.991537373714327375e-01
6.404895303696304154e+02 6.039786470622685588e-01
6.410017293706293913e+02 6.075526522865367651e-01
6.415139283716283671e+02 6.115104339193508931e-01
6.420261273726273430e+02 6.166417242835782186e-01
6.425383263736264325e+02 6.211167690890783133e-01
6.430505253746254084e+02 6.270941788569014408e-01
6.435627243756243843e+02 6.311830876928209433e-01
6.440749233766233601e+02 6.385246092282392816e-01
6.445871223776223360e+02 6.434005320028944874e-01
6.450993213786214255e+02 6.479608789434673222e-01
6.456115203796204014e+02 6.508117199007004139e-01
6.461237193806193773e+02 6.557924933759353703e-01
6.466359183816183531e+02 6.588901129746057572e-01
6.471481173826173290e+02 6.647741740222546936e-01
6.476603163836164185e+02 6.685839592099230844e-01
6.481725153846153944e+02 6.741369798461047669e-01
6.486847143856143703e+02 6.750636981970670192e-01
6.491969133866134598e+02 6.837465594057574592e-01
6.497091123876124357e+02 6.881822370889197904e-01
6.502213113886114115e+02 6.933028899230140318e-01
6.507335103896103874e+02 6.968924655768654608e-01
6.512457093906093633e+02 6.999849690570359995e-01
6.517579083916084528e+02 7.024154579164800793e-01
6.522701073926074287e+02 7.041450195267757728e-01
6.527823063936064045e+02 7.088037133413276347e-01
6.532945053946053804e+02 7.117918107540400774e-01
6.538067043956043563e+02 7.152814096300952329e-01
6.543189033966034458e+02 7.180519507231811760e-01
6.548311023976024217e+02 7.196978278957898434e-01
6.553433013986013975e+02 7.223478796815264724e-01
6.558555003996003734e+02 7.240453384953200455e-01
6.563676994005993492e+02 7.261036985832119983e-01
6.568798984015984388e+02 7.242540844746521156e-01
6.573920974025974147e+02 7.276431517574651897e-01
6.579042964035963905e+02 7.264660404730900467e-01
6.584164954045954801e+02 7.279383707258840763e-01
6.589286944055943422e+02 7.264572851382820051e-01
6.594408934065934318e+02 7.251830631460174370e-01
6.599530924075924077e+02 7.239598421643267390e-01
6.604652914085913835e+02 7.272806977328823974e-01
6.609774904095904731e+02 7.255447102725800512e-01
6.614896894105894489e+02 7.252594696782539430e-01
6.620018884115884248e+02 7.268950927256597749e-01
6.625140874125874006e+02 7.280971483997682459e-01
6.630262864135863765e+02 7.264368105999221559e-01
6.635384854145854661e+02 7.263637895684914580e-01
6.640506844155844419e+02 7.287058888618641594e-01
6.645628834165834178e+02 7.290185575965761888e-01
6.650750824175823936e+02 7.308550258265342769e-01
6.655872814185813695e+02 7.298092883530783448e-01
6.660994804195804591e+02 7.322845843687969536e-01
6.666116794205794349e+02 7.344038455072174898e-01
6.671238784215784108e+02 7.362712437074585559e-01
6.676360774225773866e+02 7.366108364753860549e-01
6.681482764235763625e+02 7.368687893095869912e-01
6.686604754245754521e+02 7.384884670981171073e-01
6.691726744255744279e+02 7.418483149752772565e-01
6.696848734265734038e+02 7.441400938349085337e-01
6.701970724275724933e+02 7.486624709880282946e-01
6.707092714285714692e+02 7.515022566894113965e-01
6.712214704295704450e+02 7.533029603640887251e-01
6.717336694305694209e+02 7.577336071563974818e-01
6.722458684315683968e+02 7.601760227501117573e-01
6.727580674325674863e+02 7.606963261896450001e-01
6.732702664335664622e+02 7.645154795179933682e-01
6.737824654345654380e+02 7.689731051303627662e-01
6.742946644355644139e+02 7.700593122665145840e-01
6.748068634365633898e+02 7.753807678825345162e-01
6.753190624375624793e+02 7.777222516693143017e-01
6.758312614385614552e+02 7.834098273969959392e-01
6.763434604395604310e+02 7.853695844723490582e-01
6.768556594405594069e+02 7.886431566771038293e-01
6.773678584415583828e+02 7.926542723517071565e-01
6.778800574425574723e+02 7.958100913299144263e-01
6.783922564435564482e+02 7.971638104364536792e-01
6.789044554445554240e+02 8.002909107636101416e-01
6.794166544455545136e+02 8.045808374957785780e-01
6.799288534465534894e+02 8.069685473567236311e-01
6.804410524475524653e+02 8.129555797178686927e-01
6.809532514485514412e+02 8.125524834997489565e-01
6.814654504495504170e+02 8.166897353030625473e-01
6.819776494505495066e+02 8.190645330264760826e-01
6.824898484515484824e+02 8.250854748078653156e-01
6.830020474525474583e+02 8.267545566627303444e-01
6.835142464535464342e+02 8.282997232218284323e-01
6.840264454545454100e+02 8.308988085488572262e-01
6.845386444555444996e+02 8.361833436037996448e-01
6.850508434565434754e+02 8.367828200675503370e-01
6.855630424575424513e+02 8.398719746872816971e-01
6.860752414585414272e+02 8.442654491697174635e-01
6.865874404595404030e+02 8.489652489495824739e-01
6.870996394605394926e+02 8.516565654813790243e-01
6.876118384615384684e+02 8.553244117150862191e-01
6.881240374625374443e+02 8.565668371895513999e-01
6.886362364635365338e+02 8.595953218115026662e-01
6.891484354645355097e+02 8.615564576590539758e-01
6.896606344655344856e+02 8.632579341093006287e-01
6.901728334665334614e+02 8.665529553217103942e-01
6.906850324675324373e+02 8.660821986189529698e-01
6.911972314685315268e+02 8.700401384052892650e-01
6.917094304695305027e+02 8.710826350855326305e-01
6.922216294705294786e+02 8.738886719108214240e-01
6.927338284715284544e+02 8.772956873538507727e-01
6.932460274725274303e+02 8.808452164205338164e-01
6.937582264735265198e+02 8.799134311837459865e-01
6.942704254745254957e+02 8.787649031164210811e-01
6.947826244755244716e+02 8.805260963031388277e-01
6.952948234765234474e+02 8.815553680539346404e-01
6.958070224775224233e+02 8.851118818963135126e-01
6.963192214785215128e+02 8.857795635035556892e-01
6.968314204795204887e+02 8.897491953440727075e-01
6.973436194805194646e+02 8.923498228169463031e-01
6.978558184815185541e+02 8.948023419245010324e-01
6.983680174825174163e+02 8.974107760302035830e-01
6.988802164835165058e+02 8.956132969310162117e-01
6.993924154845154817e+02 8.953309396268582798e-01
6.999046144855144576e+02 9.035853570417410330e-01
7.004168134865135471e+02 9.026285238446837278e-01
7.009290124875125230e+02 9.069171791033249219e-01
7.014412114885114988e+02 9.070636985570651456e-01
7.019534104895104747e+02 9.127228752041020021e-01
7.024656094905094506e+02 9.160183074560450667e-01
7.029778084915085401e+02 9.198477588969040664e-01
7.034900074925075160e+02 9.217453028809614590e-01
7.040022064935064918e+02 9.237699433391174386e-01
7.045144054945054677e+02 9.226731864811058559e-01
7.050266044955044435e+02 9.237199993322813274e-01
7.055388034965035331e+02 9.285785161191663084e-01
7.060510024975025090e+02 9.309772173381580807e-01
7.065632014985014848e+02 9.333355625824696356e-01
7.070754004995005744e+02 9.346913209401167544e-01
7.075875995004994365e+02 9.397251181637547024e-01
7.080997985014985261e+02 9.432196291284720147e-01
7.086119975024975020e+02 9.453922199022231077e-01
7.091241965034964778e+02 9.527894024776559778e-01
7.096363955044955674e+02 9.545463578366344404e-01
7.101485945054944295e+02 9.592276985166541259e-01
7.106607935064935191e+02 9.603218615750052090e-01
7.111729925074924950e+02 9.614929041838207180e-01
7.116851915084914708e+02 9.644742097812272208e-01
7.121973905094905604e+02 9.658161099303964603e-01
7.127095895104895362e+02 9.663190971644014526e-01
7.132217885114885121e+02 9.637762371588187715e-01
7.137339875124874879e+02 9.654775212707806809e-01
7.142461865134864638e+02 9.643253080415569167e-01
7.147583855144855534e+02 9.649954597296435121e-01
7.152705845154845292e+02 9.571804165829010946e-01
7.157827835164835051e+02 9.605436063559837923e-01
7.162949825174825946e+02 9.561775400112746404e-01
7.168071815184814568e+02 9.536020755457120801e-01
7.173193805194805464e+02 9.498055803863015845e-01
7.178315795204795222e+02 9.494928892952307908e-01
7.183437785214784981e+02 9.432839229631889699e-01
7.188559775224775876e+02 9.424457618455867047e-01
7.193681765234764498e+02 9.364481057269653519e-01
7.198803755244755394e+02 9.374491283475619996e-01
7.203925745254745152e+02 9.335113898309953528e-01
7.209047735264734911e+02 9.368456340013324724e-01
7.214169725274725806e+02 9.330357315988094813e-01
7.219291715284715565e+02 9.288561701490827271e-01
7.224413705294705323e+02 9.263022642930668349e-01
7.229535695304695082e+02 9.205368710273084121e-01
7.234657685314684841e+02 9.160837824907135385e-01
7.239779675324675736e+02 9.148613179076026114e-01
7.244901665334665495e+02 9.097806481460863903e-01
7.250023655344655253e+02 9.066085726235793008e-01
7.255145645354646149e+02 9.024329764624127170e-01
7.260267635364634771e+02 8.997293396490553263e-01
7.265389625374625666e+02 8.936098331132371619e-01
7.270511615384615425e+02 8.912648609612073836e-01
7.275633605394605183e+02 8.879662955195150031e-01
7.280755595404596079e+02 8.825562767779400186e-01
7.285877585414584701e+02 8.781472768226399328e-01
7.290999575424575596e+02 8.733442577097547677e-01
7.296121565434565355e+02 8.725144315464229416e-01
7.301243555444555113e+02 8.663616509446754321e-01
7.306365545454546009e+02 8.645807741239873723e-01
7.311487535464534631e+02 8.608539270296362567e-01
7.316609525474525526e+02 8.546142043477888972e-01
7.321731515484515285e+02 8.552733100680020017e-01
7.326853505494505043e+02 8.505111079721997536e-01
7.331975495504495939e+02 8.490858008667613310e-01
7.337097485514485697e+02 8.477262710865021145e-01
7.342219475524475456e+02 8.471308559977888120e-01
7.347341465534466352e+02 8.423985318808959732e-01
7.352463455544454973e+02 8.428240665474959759e-01
7.357585445554445869e+02 8.401502302793569799e-01
7.362707435564435627e+02 8.403114780849083587e-01
7.367829425574425386e+02 8.382035731140958790e-01
7.372951415584416281e+02 8.388793317016480788e-01
7.378073405594404903e+02 8.374466704938251516e-01
7.383195395604395799e+02 8.385784254509609514e-01
7.388317385614385557e+02 8.354639568670777505e-01
7.393439375624375316e+02 8.373784573502205397e-01
7.398561365634366211e+02 8.350342768244677361e-01
7.403683355644354833e+02 8.360479357489415397e-01
7.408805345654345729e+02 8.350392433448565743e-01
7.413927335664335487e+02 8.375212489762003942e-01
7.419049325674325246e+02 8.391289865402269399e-01
7.424171315684316141e+02 8.432134557322059631e-01
7.429293305694305900e+02 8.446597981750291195e-01
7.434415295704295659e+02 8.491012146980906339e-01
7.439537285714285417e+02 8.506231896165815654e-01
7.444659275724275176e+02 8.488642582782339741e-01
7.449781265734266071e+02 8.520182434972621843e-01
7.454903255744255830e+02 8.562658114798252784e-01
7.460025245754245589e+02 8.571104499886673667e-01
7.465147235764236484e+02 8.626719117689635175e-01
7.470269225774225106e+02 8.652690145047620129e-01
7.475391215784216001e+02 8.762100479519419061e-01
7.480513205794205760e+02 8.815747173288334126e-01
7.485635195804195519e+02 8.854556301504346028e-01
7.490757185814186414e+02 8.920572284553384135e-01
7.495879175824175036e+02 8.970106396573374052e-01
7.501001165834165931e+02 8.980611602301488139e-01
7.506123155844155690e+02 9.070366262905293908e-01
7.511245145854145449e+02 9.135670957879399312e-01
7.516367135864136344e+02 9.221466496473661456e-01
7.521489125874126103e+02 9.273815246195514783e-01
7.526611115884115861e+02 9.350523594925179705e-01
7.531733105894105620e+02 9.409981878948241452e-01
7.536855095904095379e+02 9.479301139848591573e-01
7.541977085914086274e+02 9.549513837036553987e-01
7.547099075924076033e+02 9.594803371601404729e-01
7.552221065934065791e+02 9.616700010346721506e-01
7.557343055944056687e+02 9.702340596974695641e-01
7.562465045954045308e+02 9.709993235258729261e-01
7.567587035964036204e+02 9.759375790744104773e-01
7.572709025974025963e+02 9.814239853279338455e-01
7.577831015984015721e+02 9.852309861696567639e-01
7.582953005994006617e+02 9.903207234637698697e-01
7.588074996003995238e+02 9.937741781267410701e-01
7.593196986013986134e+02 9.924290963515658426e-01
7.598318976023975893e+02 9.904314398432236821e-01
7.603440966033965651e+02 9.906450343242967360e-01
7.608562956043956547e+02 9.937704635226256578e-01
7.613684946053945168e+02 1.000000000000000000e+00
7.618806936063936064e+02 9.998740393688577699e-01
7.623928926073925822e+02 9.966880594979482533e-01
7.629050916083915581e+02 9.951191451131179422e-01
7.634172906093906477e+02 9.959077031609002706e-01
7.639294896103896235e+02 9.960306001470777826e-01
7.644416886113885994e+02 9.946305629497196321e-01
7.649538876123876889e+02 9.940212637018891462e-01
7.654660866133865511e+02 9.923545022991766551e-01
7.659782856143856407e+02 9.911580732460345544e-01
7.664904846153846165e+02 9.896409521313622726e-01
7.670026836163835924e+02 9.876229362467500161e-01
7.675148826173826819e+02 9.881718636722337523e-01
7.680270816183815441e+02 9.806718168651553658e-01
7.685392806193806337e+02 9.786589590891228152e-01
7.690514796203796095e+02 9.752013651586043386e-01
7.695636786213785854e+02 9.707216892788036455e-01
7.700758776223776749e+02 9.657046094558119353e-01
7.705880766233765371e+02 9.631847182600723478e-01
7.711002756243756266e+02 9.590129898308678014e-01
7.716124746253746025e+02 9.567670412316510165e-01
7.721246736263735784e+02 9.522958646410281114e-01
7.726368726273726679e+02 9.425707146923590907e-01
7.731490716283716438e+02 9.398451306281145889e-01
7.736612706293706196e+02 9.346189748193000080e-01
7.741734696303697092e+02 9.320694495686890901e-01
7.746856686313685714e+02 9.219766913599940494e-01
7.751978676323676609e+02 9.193381180045406831e-01
7.757100666333666368e+02 9.156711620319955003e-01
7.762222656343656126e+02 9.120454684513502608e-01
7.767344646353647022e+02 9.073100102923480348e-01
7.772466636363635644e+02 9.008577647204506489e-01
7.777588626373626539e+02 8.998043510149933422e-01
7.782710616383616298e+02 8.950394436320697755e-01
7.787832606393606056e+02 8.918736883620901335e-01
7.792954596403596952e+02 8.864782985366974621e-01
7.798076586413585574e+02 8.843797825367063492e-01
7.803198576423576469e+02 8.803094111391470689e-01
7.808320566433566228e+02 8.795240487255642226e-01
7.813442556443555986e+02 8.753562287747209680e-01
7.818564546453546882e+02 8.698946508223577290e-01
7.823686536463536640e+02 8.649733569417137335e-01
7.828808526473526399e+02 8.610304934901633622e-01
7.833930516483516158e+02 8.568676845971588962e-01
7.839052506493505916e+02 8.603878332669155915e-01
7.844174496503496812e+02 8.577343265425670937e-01
7.849296486513486570e+02 8.535203457230848834e-01
7.854418476523476329e+02 8.493758803918370903e-01
7.859540466533467225e+02 8.467225803272412366e-01
7.864662456543455846e+02 8.448405915735620608e-01
7.869784446553446742e+02 8.417858564702295210e-01
7.874906436563436500e+02 8.412248178102658125e-01
7.880028426573426259e+02 8.365083607542651567e-01
7.885150416583417154e+02 8.361640308374576058e-01
7.890272406593405776e+02 8.330207417299779760e-01
7.895394396603396672e+02 8.324050716315763987e-01
7.900516386613386430e+02 8.284177429948157423e-01
7.905638376623376189e+02 8.269854299642195317e-01
7.910760366633367084e+02 8.242166837279660818e-01
7.915882356643356843e+02 8.222871154499086233e-01
7.921004346653346602e+02 8.199022621637237496e-01
7.926126336663336360e+02 8.137795984611778666e-01
7.931248326673326119e+02 8.114431669070195641e-01
7.936370316683317014e+02 8.073412921877135551e-01
7.941492306693306773e+02 8.038477086150439543e-01
7.946614296703296532e+02 8.010656691559844278e-01
7.951736286713287427e+02 7.963662985140150807e-01
7.956858276723276049e+02 7.936631442710175843e-01
7.961980266733266944e+02 7.892038963329440771e-01
7.967102256743256703e+02 7.832128218507331541e-01
7.972224246753246462e+02 7.783739713568689211e-01
7.977346236763237357e+02 7.738718495325471736e-01
7.982468226773225979e+02 7.666308558090388914e-01
7.987590216783216874e+02 7.610138260755417994e-01
7.992712206793206633e+02 7.563206350046018933e-01
7.997834196803196392e+02 7.490852139813533039e-01
8.002956186813187287e+02 7.449427326737071420e-01
8.008078176823175909e+02 7.400234331373736207e-01
8.013200166833166804e+02 7.339055725676481012e-01
8.018322156843156563e+02 7.290563971596654147e-01
8.023444146853146322e+02 7.258118112693392465e-01
8.028566136863137217e+02 7.201886449445791261e-01
8.033688126873126976e+02 7.138944625841622260e-01
8.038810116883116734e+02 7.089107267502238185e-01
8.043932106893107630e+02 7.012860532940770053e-01
8.049054096903096251e+02 6.932781467676697451e-01
8.054176086913087147e+02 6.880433235362721778e-01
8.059298076923076906e+02 6.814399088525910919e-01
8.064420066933066664e+02 6.740002795873052399e-01
8.069542056943057560e+02 6.685710582637476307e-01
8.074664046953046181e+02 6.594500801831549852e-01
8.079786036963037077e+02 6.530706388152188735e-01
8.084908026973026836e+02 6.453120813142467771e-01
8.090030016983016594e+02 6.370211294353411713e-01
8.095152006993007490e+02 6.304814000926156625e-01
8.100273997002996111e+02 6.229435473791203881e-01
8.105395987012987007e+02 6.154111405304579785e-01
8.110517977022976766e+02 6.068288678689116589e-01
8.115639967032966524e+02 6.001889039802237313e-01
8.120761957042957420e+02 5.948056108100916450e-01
8.125883947052947178e+02 5.896473958885223299e-01
8.131005937062936937e+02 5.855677643609482619e-01
8.136127927072927832e+02 5.772573197837101988e-01
8.141249917082916454e+02 5.728066322720539727e-01
8.146371907092907350e+02 5.703065540295899627e-01
8.151493897102897108e+02 5.688020771291769639e-01
8.156615887112886867e+02 5.662215648458172046e-01
8.161737877122877762e+02 5.625936042244695789e-01
8.166859867132866384e+02 5.619636674669779008e-01
8.171981857142857280e+02 5.620047866873997267e-01
8.177103847152847038e+02 5.603508288412516469e-01
8.182225837162836797e+02 5.617475628667762955e-01
8.187347827172827692e+02 5.595887031805998335e-01
8.192469817182816314e+02 5.618745041059125533e-01
8.197591807192807210e+02 5.624813082277627663e-01
8.202713797202796968e+02 5.628675651268731928e-01
8.207835787212786727e+02 5.643995074220843344e-01
8.212957777222777622e+02 5.653913203198277504e-01
8.218079767232767381e+02 5.648587212976585725e-01
8.223201757242757139e+02 5.647119372585891472e-01
8.228323747252746898e+02 5.663127647692786093e-01
8.233445737262736657e+02 5.687003610572199941e-01
8.238567727272727552e+02 5.699316892328598616e-01
8.243689717282717311e+02 5.676630115147673905e-01
8.248811707292707069e+02 5.697528728375914620e-01
8.253933697302697965e+02 5.718887340812471853e-01
8.259055687312686587e+02 5.732020036343080660e-01
8.264177677322677482e+02 5.728832765699215512e-01
8.269299667332667241e+02 5.712854589189265697e-01
8.274421657342656999e+02 5.708168365711528969e-01
8.279543647352647895e+02 5.730492085831814242e-01
8.284665637362636517e+02 5.700562154509116741e-01
8.289787627372627412e+02 5.701053305986010233e-01
8.294909617382617171e+02 5.681355850972052979e-01
8.300031607392606929e+02 5.672388115834008371e-01
8.305153597402597825e+02 5.661059529590981576e-01
8.310275587412587583e+02 5.620067945283192534e-01
8.315397577422577342e+02 5.604818922887931931e-01
8.320519567432567101e+02 5.585768463925532279e-01
8.325641557442556859e+02 5.537660844994567455e-01
8.330763547452547755e+02 5.514087865201808825e-01
8.335885537462537513e+02 5.479898690375907266e-01
8.341007527472527272e+02 5.454867186749595698e-01
8.346129517482518168e+02 5.419897439173336773e-01
8.351251507492506789e+02 5.365985552182604978e-01
8.356373497502497685e+02 5.311440311123308833e-01
8.361495487512487443e+02 5.249493963115635653e-01
8.366617477522477202e+02 5.208157554885983753e-01
8.371739467532468097e+02 5.143952243371459065e-01
8.376861457542456719e+02 5.075300262394009110e-01
8.381983447552447615e+02 4.997015167772879685e-01
8.387105437562437373e+02 4.915855421224422650e-01
8.392227427572427132e+02 4.840861220003654375e-01
8.397349417582418027e+02 4.753215157737141205e-01
8.402471407592406649e+02 4.647445528748644916e-01
8.407593397602397545e+02 4.535505767182289594e-01
8.412715387612387303e+02 4.410330594787770231e-01
8.417837377622377062e+02 4.299174226902247042e-01
8.422959367632367957e+02 4.162015679414371450e-01
8.428081357642357716e+02 4.042065049558688505e-01
8.433203347652347475e+02 3.906416610353803942e-01
8.438325337662338370e+02 3.734565825070083611e-01
8.443447327672326992e+02 3.575314595740600732e-01
8.448569317682317887e+02 3.407277139296081558e-01
8.453691307692307646e+02 3.266623748227309720e-01
8.458813297702297405e+02 3.124789483047016869e-01
8.463935287712288300e+02 2.995246046691761865e-01
8.469057277722276922e+02 2.873763699798201343e-01
8.474179267732267817e+02 2.780654653520976405e-01
8.479301257742257576e+02 2.707257622247798423e-01
8.484423247752247335e+02 2.686389246185590385e-01
8.489545237762238230e+02 2.623348382947360280e-01
8.494667227772226852e+02 2.594212128573981646e-01
8.499789217782217747e+02 2.560306345376913151e-01
8.504911207792207506e+02 2.549012896623624735e-01
8.510033197802197265e+02 2.529097028144466353e-01
8.515155187812188160e+02 2.510239082725854165e-01
8.520277177822177919e+02 2.484191576842777194e-01
8.525399167832167677e+02 2.452101137291858302e-01
8.530521157842158573e+02 2.451777389584941236e-01
8.535643147852147194e+02 2.435725852941267311e-01
8.540765137862138090e+02 2.421644208555591149e-01
8.545887127872127849e+02 2.389611148578635047e-01
8.551009117882117607e+02 2.368749259678952224e-01
8.556131107892108503e+02 2.377475395686915183e-01
8.561253097902097124e+02 2.351431106108515801e-01
8.566375087912088020e+02 2.338978691363983453e-01
8.571497077922077779e+02 2.331774929800613516e-01
8.576619067932067537e+02 2.318714632747308213e-01
8.581741057942058433e+02 2.316760986353420260e-01
8.586863047952047054e+02 2.302629906775986723e-01
8.591985037962037950e+02 2.291620311096844997e-01
8.597107027972027709e+02 2.289781907107529269e-01
8.602229017982017467e+02 2.289665662593604045e-01
8.607351007992008363e+02 2.272101967133454414e-01
8.612472998001998121e+02 2.268679385657302039e-01
8.617594988011987880e+02 2.263679026424221252e-01
8.622716978021977638e+02 2.261832288716208172e-01
8.627838968031967397e+02 2.245283918862621408e-01
8.632960958041958293e+02 2.248341625289985990e-01
8.638082948051948051e+02 2.234023772955119613e-01
8.643204938061937810e+02 2.263455965636411993e-01
8.648326928071928705e+02 2.253858081988596163e-01
8.653448918081917327e+02 2.237071361202728759e-01
8.658570908091908223e+02 2.244579581049604977e-01
8.663692898101897981e+02 2.236934807986284690e-01
8.668814888111887740e+02 2.217919810309187945e-01
8.673936878121878635e+02 2.212681396864927819e-01
8.679058868131867257e+02 2.217994647100174077e-01
8.684180858141858153e+02 2.197051782134600006e-01
8.689302848151847911e+02 2.180565594786576800e-01
8.694424838161837670e+02 2.182213664486992444e-01
8.699546828171828565e+02 2.162310150815271170e-01
8.704668818181818324e+02 2.145769831142611550e-01
8.709790808191808082e+02 2.126919589695898394e-01
8.714912798201797841e+02 2.101864441832148322e-01
8.720034788211787600e+02 2.069532879448481577e-01
8.725156778221778495e+02 2.040807836159270194e-01
8.730278768231768254e+02 2.000156034611899614e-01
8.735400758241758012e+02 1.945317976645703495e-01
8.740522748251748908e+02 1.900703000102145768e-01
8.745644738261737530e+02 1.858552990096182800e-01
8.750766728271728425e+02 1.790777617746076300e-01
8.755888718281718184e+02 1.742657922616462074e-01
8.761010708291707942e+02 1.672098264667899736e-01
8.766132698301698838e+02 1.607218040144460236e-01
8.771254688311687460e+02 1.553183610885209287e-01
8.776376678321678355e+02 1.471555721813300743e-01
8.781498668331668114e+02 1.407771464955909213e-01
8.786620658341657872e+02 1.320534588846681012e-01
8.791742648351648768e+02 1.251076446610397130e-01
8.796864638361637390e+02 1.161997044790164801e-01
8.801986628371628285e+02 1.086074884047789346e-01
8.807108618381618044e+02 1.002453882959325887e-01
8.812230608391607802e+02 9.261416142199005441e-02
8.817352598401598698e+02 8.361029359385059589e-02
8.822474588411588456e+02 7.708532184952281152e-02
8.827596578421578215e+02 7.125428874903974585e-02
8.832718568431569111e+02 6.589797999193890143e-02
8.837840558441557732e+02 6.247501101911324961e-02
8.842962548451548628e+02 5.964421863294815107e-02
8.848084538461538386e+02 5.804671897467164610e-02
8.853206528471528145e+02 5.738051555087756578e-02
8.858328518481519041e+02 5.799219901466620697e-02
8.863450508491507662e+02 5.730526808390851157e-02
8.868572498501498558e+02 5.873784787994540402e-02
8.873694488511488316e+02 5.899287752911140659e-02
8.878816478521478075e+02 6.084969131138484588e-02
8.883938468531468970e+02 6.202048002211051070e-02
8.889060458541457592e+02 6.182390960638066424e-02
8.894182448551448488e+02 6.355708675968840815e-02
8.899304438561438246e+02 6.386366447537937530e-02
8.904426428571428005e+02 6.369114174596268718e-02
8.909548418581418900e+02 6.320476815167633267e-02
8.914670408591408659e+02 6.314554393150813294e-02
8.919792398601398418e+02 6.285567233526094533e-02
8.924914388611388176e+02 6.273981914212206634e-02
8.930036378621377935e+02 6.271017816319059135e-02
8.935158368631368830e+02 6.169523730263149625e-02
8.940280358641358589e+02 6.092919112341824844e-02
8.945402348651348348e+02 6.091437171183639032e-02
8.950524338661339243e+02 5.947243611139303721e-02
8.955646328671327865e+02 5.873537855524182949e-02
8.960768318681318760e+02 5.963705674637771043e-02
8.965890308691308519e+02 5.832903182519728197e-02
8.971012298701298278e+02 5.805599653373500618e-02
8.976134288711289173e+02 5.727132850244625456e-02
8.981256278721277795e+02 5.636552066074038136e-02
8.986378268731268690e+02 5.683298051371925286e-02
8.991500258741258449e+02 5.583138523296065497e-02
8.996622248751248208e+02 5.538599876200329952e-02
9.001744238761239103e+02 5.581284475564146641e-02
9.006866228771228862e+02 5.538054220474773054e-02
9.011988218781218620e+02 5.556631908179801571e-02
9.017110208791208379e+02 5.575194701772188954e-02
9.022232198801198138e+02 5.616616808517028991e-02
9.027354188811189033e+02 5.710945915195909939e-02
9.032476178821178792e+02 5.669442435000789787e-02
9.037598168831168550e+02 5.757942952551832472e-02
9.042720158841159446e+02 5.768010209919568337e-02
9.047842148851148067e+02 5.882548022352682149e-02
9.052964138861138963e+02 6.004117094411254990e-02
9.058086128871128722e+02 5.933924597290935604e-02
9.063208118881118480e+02 5.995126184535220365e-02
9.068330108891109376e+02 6.012775197176999098e-02
9.073452098901097997e+02 6.058924324857997007e-02
9.078574088911088893e+02 6.116078269058985994e-02
9.083696078921078652e+02 6.111157266559748280e-02
9.088818068931068410e+02 6.212252179755257953e-02
9.093940058941059306e+02 6.211117598050369670e-02
9.099062048951049064e+02 6.193079243532102068e-02
9.104184038961038823e+02 6.218832091176629967e-02
9.109306028971028582e+02 6.239204848091592370e-02
9.114428018981018340e+02 6.183781969740194395e-02
9.119550008991009236e+02 6.068787386940208833e-02
9.124671999000998994e+02 6.010193998413321248e-02
9.129793989010988753e+02 5.907957148569101952e-02
9.134915979020979648e+02 5.862977095530822608e-02
9.140037969030968270e+02 5.668213003405004474e-02
9.145159959040959166e+02 5.456227271774891086e-02
9.150281949050948924e+02 5.309818212124642334e-02
9.155403939060938683e+02 5.224015314325992920e-02
9.160525929070929578e+02 4.980585697009463908e-02
9.165647919080918200e+02 4.773281311534383758e-02
9.170769909090909096e+02 4.557749056627120182e-02
9.175891899100898854e+02 4.299430103326688096e-02
9.181013889110888613e+02 4.051936017893005559e-02
9.186135879120879508e+02 3.801768760047944534e-02
9.191257869130868130e+02 3.566540537585018156e-02
9.196379859140859026e+02 3.328432630398495129e-02
9.201501849150848784e+02 3.049687559891941027e-02
9.206623839160838543e+02 2.843414678099813464e-02
9.211745829170829438e+02 2.642541955151410729e-02
9.216867819180819197e+02 2.464511435846186010e-02
9.221989809190808955e+02 2.291518618566015450e-02
9.227111799200799851e+02 2.129312593719963342e-02
9.232233789210788473e+02 2.117553300694302587e-02
9.237355779220779368e+02 2.010556714296813513e-02
9.242477769230769127e+02 2.013167156474189937e-02
9.247599759240758885e+02 2.031191894507088438e-02
9.252721749250749781e+02 1.976070024350252280e-02
9.257843739260738403e+02 1.916432286562078438e-02
9.262965729270729298e+02 1.992580228413791746e-02
9.268087719280719057e+02 2.028298323736840367e-02
9.273209709290708815e+02 2.075582386777241259e-02
9.278331699300699711e+02 2.030071343471170561e-02
9.283453689310688333e+02 2.076793595224975947e-02
9.288575679320679228e+02 2.088652924795033131e-02
9.293697669330668987e+02 2.141287513015025304e-02
9.298819659340658745e+02 2.142086468279305600e-02
9.303941649350649641e+02 2.169147240398781179e-02
9.309063639360639399e+02 2.229454557429696657e-02
9.314185629370629158e+02 2.225988056924184041e-02
9.319307619380618917e+02 2.181097438384319367e-02
9.324429609390608675e+02 2.209209130491366496e-02
9.329551599400599571e+02 2.190411440272178184e-02
9.334673589410589329e+02 2.133394883011443047e-02
9.339795579420579088e+02 2.078487088575984784e-02
9.344917569430569984e+02 2.141067873957323148e-02
9.350039559440558605e+02 2.152711713845608874e-02
9.355161549450549501e+02 1.997278131422480438e-02
9.360283539460539259e+02 2.092012046975310485e-02
9.365405529470529018e+02 2.022297759727471195e-02
9.370527519480519913e+02 2.036426020270818565e-02
9.375649509490508535e+02 1.975130091377636996e-02
9.380771499500499431e+02 1.955217640506652296e-02
9.385893489510489189e+02 1.894325221800594733e-02
9.391015479520478948e+02 1.944943220005022205e-02
9.396137469530469843e+02 1.934417134722972442e-02
9.401259459540459602e+02 1.813924720046683481e-02
9.406381449550449361e+02 1.830632613554054183e-02
9.411503439560439119e+02 1.797664780678691343e-02
9.416625429570428878e+02 1.796847195389296090e-02
9.421747419580419773e+02 1.826737328253643863e-02
9.426869409590409532e+02 1.832737929306419919e-02
9.431991399600399291e+02 1.829341454425482613e-02
9.437113389610390186e+02 1.851174469078236198e-02
9.442235379620378808e+02 1.863330698411170411e-02
9.447357369630369703e+02 1.835831551749011678e-02
9.452479359640359462e+02 1.890933690548693077e-02
9.457601349650349221e+02 1.933059455728429119e-02
9.462723339660340116e+02 1.866785900236361817e-02
9.467845329670328738e+02 1.854311481695398306e-02
9.472967319680319633e+02 1.986345009543806842e-02
9.478089309690309392e+02 1.955577067450789755e-02
9.483211299700299151e+02 2.025533547189446379e-02
9.488333289710290046e+02 1.929194842392779191e-02
9.493455279720278668e+02 2.024476912377159987e-02
9.498577269730269563e+02 2.007095181652258920e-02
9.503699259740259322e+02 2.041546194853478130e-02
9.508821249750249081e+02 2.007237172658846158e-02
9.513943239760239976e+02 2.065347564140667530e-02
9.519065229770229735e+02 2.107949365966305805e-02
9.524187219780219493e+02 2.072382878722987126e-02
9.529309209790210389e+02 2.071374036944040320e-02
9.534431199800199010e+02 2.055645907946484358e-02
9.539553189810189906e+02 2.137123809493671547e-02
9.544675179820179665e+02 2.138360937614972035e-02
9.549797169830169423e+02 2.078675819183117141e-02
9.554919159840160319e+02 2.055396175941953327e-02
9.560041149850148940e+02 2.070818203706967231e-02
9.565163139860139836e+02 2.076163076970828636e-02
9.570285129870129595e+02 2.036100991357158232e-02
9.575407119880119353e+02 1.970853626184424640e-02
9.580529109890110249e+02 1.982941570433432998e-02
9.585651099900098870e+02 1.918545247112334387e-02
9.590773089910089766e+02 1.901707181743263891e-02
9.595895079920079525e+02 1.872360401798304000e-02
9.601017069930069283e+02 1.851877083107701660e-02
9.606139059940060179e+02 1.824992816240466123e-02
9.611261049950049937e+02 1.741709241086469503e-02
9.616383039960039696e+02 1.728581086201144354e-02
9.621505029970030591e+02 1.708575932548516904e-02
9.626627019980019213e+02 1.692559985305914019e-02
9.631749009990010109e+02 1.739539021009546202e-02
9.636870999999999867e+02 1.558946930267640640e-02
