# wavelength, intensity
4.009297000000000253e+02 2.859400024414062500e+02
4.015447844155844450e+02 2.855340821221439569e+02
4.021598688311688647e+02 2.853419883672827382e+02
4.027749532467532845e+02 2.864592337044211376e+02
4.033900376623377042e+02 2.862434771656851353e+02
4.040051220779221239e+02 2.877615748681180321e+02
4.046202064935065437e+02 2.865693605397630108e+02
4.052352909090909066e+02 2.879818530505385752e+02
4.058503753246753263e+02 2.865059304947773171e+02
4.064654597402597460e+02 2.896591170985846588e+02
4.070805441558441657e+02 2.879386599651228948e+02
4.076956285714285855e+02 2.882019632922314258e+02
4.083107129870130052e+02 2.889714572667917878e+02
4.089257974025974249e+02 2.884442554102486724e+02
4.095408818181818447e+02 2.894310594105027121e+02
4.101559662337662644e+02 2.889584597554469383e+02
4.107710506493506841e+02 2.900285190770796362e+02
4.113861350649351039e+02 2.899294684332811585e+02
4.120012194805195236e+02 2.893107154924936140e+02
4.126163038961039433e+02 2.911742324941306492e+02
4.132313883116883062e+02 2.909245156864079149e+02
4.138464727272727259e+02 2.918026610854655019e+02
4.144615571428571457e+02 2.922176813162968187e+02
4.150766415584415654e+02 2.918806897243057961e+02
4.156917259740259851e+02 2.914693880450362826e+02
4.163068103896104049e+02 2.921931409206561625e+02
4.169218948051948246e+02 2.923167492069163700e+02
4.175369792207792443e+02 2.926446679237462831e+02
4.181520636363636640e+02 2.931311422922791508e+02
4.187671480519480838e+02 2.931045412452085088e+02
4.193822324675325035e+02 2.932747819195654984e+02
4.199973168831169232e+02 2.934756895620103592e+02
4.206124012987013430e+02 2.935164335438737453e+02
4.212274857142857627e+02 2.956025078134362047e+02
4.218425701298701824e+02 2.946044580029941926e+02
4.224576545454545453e+02 2.960661588158623090e+02
4.230727389610389650e+02 2.961657472119734962e+02
4.236878233766233848e+02 2.972575245363593126e+02
4.243029077922078045e+02 2.966199698645139620e+02
4.249179922077922242e+02 2.969289903300294782e+02
4.255330766233766440e+02 2.973820408955785410e+02
4.261481610389610637e+02 2.987484876207075786e+02
4.267632454545454834e+02 2.982172764369419724e+02
4.273783298701299032e+02 3.002168340571968201e+02
4.279934142857143229e+02 2.987411995279258576e+02
4.286084987012987426e+02 2.995099309327601986e+02
4.292235831168831623e+02 2.986897435531917608e+02
4.298386675324675252e+02 2.997633532619601056e+02
4.304537519480519450e+02 3.009249052118577197e+02
4.310688363636363647e+02 3.012120089747481302e+02
4.316839207792207844e+02 2.994322363773128473e+02
4.322990051948052042e+02 3.006750482725760776e+02
4.329140896103896239e+02 3.016981017624096353e+02
4.335291740259740436e+02 3.019847985806860038e+02
4.341442584415584633e+02 3.009611127267035044e+02
4.347593428571428831e+02 3.017035066097539584e+02
4.353744272727273028e+02 3.028067086625316620e+02
4.359895116883117225e+02 3.024833012147815907e+02
4.366045961038961423e+02 3.036514633562485415e+02
4.372196805194805620e+02 3.032709754072647002e+02
4.378347649350649817e+02 3.031663979421621207e+02
4.384498493506494015e+02 3.030978719751652761e+02
4.390649337662337643e+02 3.046672317722066055e+02
4.396800181818181841e+02 3.038669629206291916e+02
4.402951025974026038e+02 3.060041065334100949e+02
4.409101870129870235e+02 3.047596942753179974e+02
4.415252714285714433e+02 3.059235934059093438e+02
4.421403558441558630e+02 3.057603156390725303e+02
4.427554402597402827e+02 3.064566887889741906e+02
4.433705246753247025e+02 3.057709958155954837e+02
4.439856090909091222e+02 3.071513282166090448e+02
4.446006935064935419e+02 3.073502721542356539e+02
4.452157779220779616e+02 3.070208647632610450e+02
4.458308623376623814e+02 3.073983137097110898e+02
4.464459467532467443e+02 3.089330459881430784e+02
4.470610311688311640e+02 3.095537494897431543e+02
4.476761155844155837e+02 3.091184067686533581e+02
4.482912000000000035e+02 3.105870242420862724e+02
4.489062844155844232e+02 3.094104085635038359e+02
4.495213688311688429e+02 3.124241021816743569e+02
4.501364532467532626e+02 3.099070270850538691e+02
4.507515376623376824e+02 3.105980580829088922e+02
4.513666220779221021e+02 3.123006482678225666e+02
4.519817064935065218e+02 3.131872437357145600e+02
4.525967909090909416e+02 3.122191496544583629e+02
4.532118753246753613e+02 3.134536861238336201e+02
4.538269597402597810e+02 3.133649504290204391e+02
4.544420441558442008e+02 3.142167878744976974e+02
4.550571285714286205e+02 3.130587638266655972e+02
4.556722129870129834e+02 3.124914598246115247e+02
4.562872974025974031e+02 3.134510909749755569e+02
4.569023818181818228e+02 3.143260195584240364e+02
4.575174662337662426e+02 3.140410376767250114e+02
4.581325506493506623e+02 3.157230501703709251e+02
4.587476350649350820e+02 3.146824037293697529e+02
4.593627194805195018e+02 3.159295950094445402e+02
4.599778038961039215e+02 3.162874895377408961e+02
4.605928883116883412e+02 3.158325910798595260e+02
4.612079727272727609e+02 3.165098251918648771e+02
4.618230571428571807e+02 3.176061977703402590e+02
4.624381415584416004e+02 3.171622299230616022e+02
4.630532259740259633e+02 3.185443189830024266e+02
4.636683103896103830e+02 3.186143456993519294e+02
4.642833948051948028e+02 3.191619530170087842e+02
4.648984792207792225e+02 3.211890754470542788e+02
4.655135636363636422e+02 3.203119638769333051e+02
4.661286480519480619e+02 3.213416775303269333e+02
4.667437324675324817e+02 3.214110931089155656e+02
4.673588168831169014e+02 3.237012492586686676e+02
4.679739012987013211e+02 3.252763613728540690e+02
4.685889857142857409e+02 3.264629918216907072e+02
4.692040701298701606e+02 3.249451841731106470e+02
4.698191545454545803e+02 3.287643304763946048e+02
4.704342389610390001e+02 3.287076350989761409e+02
4.710493233766234198e+02 3.284605954721725993e+02
4.716644077922078395e+02 3.301483605857170005e+02
4.722794922077922593e+02 3.316963331511312276e+02
4.728945766233766221e+02 3.333210616937249142e+02
4.735096610389610419e+02 3.327148696264596879e+02
4.741247454545454616e+02 3.351064116531715058e+02
4.747398298701298813e+02 3.348328032967255012e+02
4.753549142857143011e+02 3.364595558076549651e+02
4.759699987012987208e+02 3.386944840390780769e+02
4.765850831168831405e+02 3.399602466214971059e+02
4.772001675324675602e+02 3.397557980956541428e+02
4.778152519480519800e+02 3.423775252964351807e+02
4.784303363636363997e+02 3.416433764364355170e+02
4.790454207792207626e+02 3.438861490274309745e+02
4.796605051948051823e+02 3.438357027125103969e+02
4.802755896103896021e+02 3.473152382248567847e+02
4.808906740259740218e+02 3.467482359094764774e+02
4.815057584415584415e+02 3.484591689379975037e+02
4.821208428571428612e+02 3.479996505582500959e+02
4.827359272727272810e+02 3.521286274715379818e+02
4.833510116883117007e+02 3.516986618979573223e+02
4.839660961038961204e+02 3.521236666807205893e+02
4.845811805194805402e+02 3.549702110964707913e+02
4.851962649350649599e+02 3.551979364282509550e+02
4.858113493506493796e+02 3.582094509648591725e+02
4.864264337662337994e+02 3.585697596805038643e+02
4.870415181818182191e+02 3.602449842648358072e+02
4.876566025974026388e+02 3.619215928126264430e+02
4.882716870129870586e+02 3.639510826397822143e+02
4.888867714285714783e+02 3.644099318993589236e+02
4.895018558441558412e+02 3.651613640443993631e+02
4.901169402597402609e+02 3.653899980036258057e+02
4.907320246753246806e+02 3.660425122658494388e+02
4.913471090909091004e+02 3.686617614751413612e+02
4.919621935064935201e+02 3.705029434069835474e+02
4.925772779220779398e+02 3.698820425893604238e+02
4.931923623376623596e+02 3.736406592739857615e+02
4.938074467532467793e+02 3.738200185881163407e+02
4.944225311688311990e+02 3.784359978178071060e+02
4.950376155844156187e+02 3.775016116536345976e+02
4.956526999999999816e+02 3.808439499164951485e+02
4.962677844155844014e+02 3.820850993281107435e+02
4.968828688311688211e+02 3.855699256824489112e+02
4.974979532467532408e+02 3.862495680960522009e+02
4.981130376623376605e+02 3.886812322967315936e+02
4.987281220779220803e+02 3.910900726672091992e+02
4.993432064935065000e+02 3.915541857708413431e+02
4.999582909090909197e+02 3.955211596138667574e+02
5.005733753246753395e+02 3.950163423544054808e+02
5.011884597402597592e+02 3.966943780590149800e+02
5.018035441558441789e+02 3.983827032920540887e+02
5.024186285714285987e+02 4.003626095789562100e+02
5.030337129870130184e+02 4.041698350782521061e+02
5.036487974025974381e+02 4.079770605775480590e+02
5.042638818181818579e+02 4.129917474616281083e+02
5.048789662337662776e+02 4.156152266596576510e+02
5.054940506493506973e+02 4.196651769156655405e+02
5.061091350649350602e+02 4.234530469191332713e+02
5.067242194805194799e+02 4.266791788634182012e+02
5.073393038961038997e+02 4.281407083947700585e+02
5.079543883116883194e+02 4.336327249379997397e+02
5.085694727272727391e+02 4.334279840162583923e+02
5.091845571428571589e+02 4.380555649672709819e+02
5.097996415584415786e+02 4.405719423013165965e+02
5.104147259740259983e+02 4.434415606067275917e+02
5.110298103896104180e+02 4.451759579597099332e+02
5.116448948051948378e+02 4.471516839208759393e+02
5.122599792207792007e+02 4.505418926742376584e+02
5.128750636363636204e+02 4.514072042479693891e+02
5.134901480519480401e+02 4.564840174279589178e+02
5.141052324675324599e+02 4.581096408710614014e+02
5.147203168831168796e+02 4.590072310616502023e+02
5.153354012987012993e+02 4.622092223741902330e+02
5.159504857142857190e+02 4.639728951975693008e+02
5.165655701298701388e+02 4.662131502088741399e+02
5.171806545454545585e+02 4.699768579643101702e+02
5.177957389610389782e+02 4.713632325837583039e+02
5.184108233766233980e+02 4.748883196496344112e+02
5.190259077922078177e+02 4.763260323181024205e+02
5.196409922077922374e+02 4.804855874970307354e+02
5.202560766233766572e+02 4.836966641844464334e+02
5.208711610389610769e+02 4.876202773087482569e+02
5.214862454545454966e+02 4.901732748509825797e+02
5.221013298701299163e+02 4.943277026777912511e+02
5.227164142857143361e+02 4.977411608809748600e+02
5.233314987012987558e+02 5.029513592567457181e+02
5.239465831168831755e+02 5.082657860749576457e+02
5.245616675324674816e+02 5.121711761703244292e+02
5.251767519480520150e+02 5.160279615050943676e+02
5.257918363636363210e+02 5.220151855052998826e+02
5.264069207792207408e+02 5.266225771836701597e+02
5.270220051948051605e+02 5.347098409192807367e+02
5.276370896103895802e+02 5.389619965879221581e+02
5.282521740259740000e+02 5.466169927880951036e+02
5.288672584415584197e+02 5.513201387694435880e+02
5.294823428571428394e+02 5.569978234259632472e+02
5.300974272727272592e+02 5.648508270399587445e+02
5.307125116883116789e+02 5.699368844264477048e+02
5.313275961038960986e+02 5.749884114054896145e+02
5.319426805194805183e+02 5.793080465054858905e+02
5.325577649350649381e+02 5.832987360024905001e+02
5.331728493506493578e+02 5.870167659234749635e+02
5.337879337662337775e+02 5.908394330279095357e+02
5.344030181818181973e+02 5.910198748612464215e+02
5.350181025974026170e+02 5.975540541352576156e+02
5.356331870129870367e+02 5.985959492167988856e+02
5.362482714285714565e+02 6.031362206762967162e+02
5.368633558441558762e+02 6.046585473941349846e+02
5.374784402597402959e+02 6.101680517861665294e+02
5.380935246753247156e+02 6.144928079504109064e+02
5.387086090909091354e+02 6.184483103718781649e+02
5.393236935064935551e+02 6.209361828989798369e+02
5.399387779220778611e+02 6.258824060048084448e+02
5.405538623376623946e+02 6.282786538064240176e+02
5.411689467532467006e+02 6.347679666433414241e+02
5.417840311688312340e+02 6.394198108547788024e+02
5.423991155844155401e+02 6.443460478662282185e+02
5.430142000000000735e+02 6.496098964665524136e+02
5.436292844155843795e+02 6.542089420543441065e+02
5.442443688311687993e+02 6.601469726174153720e+02
5.448594532467532190e+02 6.666832076973256562e+02
5.454745376623376387e+02 6.714575639844764510e+02
5.460896220779220585e+02 6.772818543052100040e+02
5.467047064935064782e+02 6.821919606079342202e+02
5.473197909090908979e+02 6.857427244706594820e+02
5.479348753246753176e+02 6.942584825739872940e+02
5.485499597402597374e+02 7.011354781137645205e+02
5.491650441558441571e+02 7.074511014513441296e+02
5.497801285714285768e+02 7.106510809175260874e+02
5.503952129870129966e+02 7.183353530380750271e+02
5.510102974025974163e+02 7.287397776600844281e+02
5.516253818181818360e+02 7.385421365909976430e+02
5.522404662337662558e+02 7.461870090297887828e+02
5.528555506493506755e+02 7.569927779701683903e+02
5.534706350649350952e+02 7.684971547754613539e+02
5.540857194805195149e+02 7.787913424771037398e+02
5.547008038961039347e+02 7.901104947088530253e+02
5.553158883116883544e+02 8.012080486541316304e+02
5.559309727272727741e+02 8.084996253060320441e+02
5.565460571428570802e+02 8.186560525520212650e+02
5.571611415584416136e+02 8.306012043322074305e+02
5.577762259740259196e+02 8.415074606255509480e+02
5.583913103896104531e+02 8.554792062443029863e+02
5.590063948051947591e+02 8.659017510657056391e+02
5.596214792207792925e+02 8.797832150202891626e+02
5.602365636363635986e+02 8.903614572484991641e+02
5.608516480519480183e+02 9.023126458944070691e+02
5.614667324675324380e+02 9.080203368698570330e+02
5.620818168831168578e+02 9.215581873799416144e+02
5.626969012987012775e+02 9.336458409995623242e+02
5.633119857142856972e+02 9.425119520334097842e+02
5.639270701298701169e+02 9.544618888702547110e+02
5.645421545454545367e+02 9.615513221313904069e+02
5.651572389610389564e+02 9.699887545817979344e+02
5.657723233766233761e+02 9.779014694290082161e+02
5.663874077922077959e+02 9.816296151104783121e+02
5.670024922077922156e+02 9.890960633711381433e+02
5.676175766233766353e+02 9.938892430771585396e+02
5.682326610389610551e+02 1.002048147005491160e+03
5.688477454545454748e+02 1.007873525546051042e+03
5.694628298701298945e+02 1.011148671553971667e+03
5.700779142857143142e+02 1.019038442650172783e+03
5.706929987012987340e+02 1.027830093307571360e+03
5.713080831168831537e+02 1.035293566702461931e+03
5.719231675324675734e+02 1.042294054360578912e+03
5.725382519480519932e+02 1.047153666310115796e+03
5.731533363636362992e+02 1.053906169064393453e+03
5.737684207792208326e+02 1.059653152535686104e+03
5.743835051948051387e+02 1.064387146624281968e+03
5.749985896103896721e+02 1.071456716829515699e+03
5.756136740259739781e+02 1.077106801682521109e+03
5.762287584415585115e+02 1.084750275742119811e+03
5.768438428571428176e+02 1.090690542159036795e+03
5.774589272727272373e+02 1.099478366594961244e+03
5.780740116883116571e+02 1.107907900299773701e+03
5.786890961038960768e+02 1.114330045483996628e+03
5.793041805194804965e+02 1.120967782136248843e+03
5.799192649350649162e+02 1.130644259005958702e+03
5.805343493506493360e+02 1.137954016322117468e+03
5.811494337662337557e+02 1.146140403822251074e+03
5.817645181818181754e+02 1.154127516323704185e+03
5.823796025974025952e+02 1.159581044010919868e+03
5.829946870129870149e+02 1.166551565036526654e+03
5.836097714285714346e+02 1.173149458966937118e+03
5.842248558441558544e+02 1.180461503422726537e+03
5.848399402597402741e+02 1.186026797232308581e+03
5.854550246753246938e+02 1.197649480594528995e+03
5.860701090909091135e+02 1.204138333604530089e+03
5.866851935064935333e+02 1.214126684359140654e+03
5.873002779220779530e+02 1.224363538315396909e+03
5.879153623376623727e+02 1.231213649302360864e+03
5.885304467532467925e+02 1.240811679034467488e+03
5.891455311688312122e+02 1.249826316613536846e+03
5.897606155844155182e+02 1.258061311884529232e+03
5.903757000000000517e+02 1.267766159438355544e+03
5.909907844155843577e+02 1.274193195633842834e+03
5.916058688311688911e+02 1.285289571495603241e+03
5.922209532467531972e+02 1.288355820141164713e+03
5.928360376623377306e+02 1.296038681194173478e+03
5.934511220779220366e+02 1.301488723942380602e+03
5.940662064935064564e+02 1.310052955599172947e+03
5.946812909090908761e+02 1.318669673353020016e+03
5.952963753246752958e+02 1.328286306976104925e+03
5.959114597402597155e+02 1.339300605275461749e+03
5.965265441558441353e+02 1.353290825085254255e+03
5.971416285714285550e+02 1.365157450198931656e+03
5.977567129870129747e+02 1.378041150390137318e+03
5.983717974025973945e+02 1.391459954763864289e+03
5.989868818181818142e+02 1.402215434641232832e+03
5.996019662337662339e+02 1.416141143789682019e+03
6.002170506493506537e+02 1.426231213000163507e+03
6.008321350649350734e+02 1.439482309097152893e+03
6.014472194805194931e+02 1.448028416801094636e+03
6.020623038961039128e+02 1.461146099140117940e+03
6.026773883116883326e+02 1.467845771828669967e+03
6.032924727272727523e+02 1.473606107575042188e+03
6.039075571428571720e+02 1.475957304935663160e+03
6.045226415584415918e+02 1.487741828508406115e+03
6.051377259740260115e+02 1.496136163331716261e+03
6.057528103896104312e+02 1.508559308701722557e+03
6.063678948051947373e+02 1.520982454071726806e+03
6.069829792207792707e+02 1.533405599441735376e+03
6.075980636363635767e+02 1.550305190787702713e+03
6.082131480519481102e+02 1.567712397311594259e+03
6.088282324675324162e+02 1.584216524803263837e+03
6.094433168831169496e+02 1.602601944620681934e+03
6.100584012987012557e+02 1.612887377694404904e+03
6.106734857142856754e+02 1.625571998322402123e+03
6.112885701298700951e+02 1.631749596484248741e+03
6.119036545454545148e+02 1.645197952653677703e+03
6.125187389610389346e+02 1.652303203093691764e+03
6.131338233766233543e+02 1.667525657079357870e+03
6.137489077922077740e+02 1.671801582559672852e+03
6.143639922077921938e+02 1.688383341494264869e+03
6.149790766233766135e+02 1.692232371026993178e+03
6.155941610389610332e+02 1.699847140519218328e+03
6.162092454545454530e+02 1.709427571824638335e+03
6.168243298701298727e+02 1.717921505196872431e+03
6.174394142857142924e+02 1.723784293399360422e+03
6.180544987012987121e+02 1.730444508913801428e+03
6.186695831168831319e+02 1.734647241963775741e+03
6.192846675324675516e+02 1.733201794916820063e+03
6.198997519480519713e+02 1.738891106614934642e+03
6.205148363636363911e+02 1.732657861607960740e+03
6.211299207792208108e+02 1.735486641060348575e+03
6.217450051948052305e+02 1.733430244933015274e+03
6.223600896103896503e+02 1.731260772555929407e+03
6.229751740259739563e+02 1.731074638248139991e+03
6.235902584415584897e+02 1.728318611194847335e+03
6.242053428571427958e+02 1.726647408403457575e+03
6.248204272727273292e+02 1.722349031930834599e+03
6.254355116883116352e+02 1.717979696165444921e+03
6.260505961038961686e+02 1.724098047109062691e+03
6.266656805194804747e+02 1.736638115658068273e+03
6.272807649350648944e+02 1.732327365680937646e+03
6.278958493506493141e+02 1.736752856391605519e+03
6.285109337662337339e+02 1.753595011640648863e+03
6.291260181818181536e+02 1.759680997141744911e+03
6.297411025974025733e+02 1.763825274894781160e+03
6.303561870129869931e+02 1.774070775617398795e+03
6.309712714285714128e+02 1.782726359765598090e+03
6.315863558441558325e+02 1.791840131266684239e+03
6.322014402597402523e+02 1.802359995608853296e+03
6.328165246753246720e+02 1.811472521324640411e+03
6.334316090909090917e+02 1.824472376585194525e+03
6.340466935064935114e+02 1.835080984585148371e+03
6.346617779220779312e+02 1.848675845261847599e+03
6.352768623376623509e+02 1.857188334638195101e+03
6.358919467532467706e+02 1.880639099690989042e+03
6.365070311688311904e+02 1.895372806815298190e+03
6.371221155844156101e+02 1.914237489751361181e+03
6.377372000000000298e+02 1.930716891805522209e+03
6.383522844155844496e+02 1.955382486236604109e+03
6.389673688311688693e+02 1.981409472843622325e+03
6.395824532467531753e+02 2.000869187552556923e+03
6.401975376623377088e+02 2.024372688140590753e+03
6.408126220779220148e+02 2.051959561947332531e+03
6.414277064935065482e+02 2.076854171392649732e+03
6.420427909090908543e+02 2.096909880024390532e+03
6.426578753246753877e+02 2.113357877248486602e+03
6.432729597402596937e+02 2.135287462404360213e+03
6.438880441558441134e+02 2.165496194228406239e+03
6.445031285714285332e+02 2.180844542475163962e+03
6.451182129870129529e+02 2.198659311101783715e+03
6.457332974025973726e+02 2.227094379700508853e+03
6.463483818181817924e+02 2.249536546170931160e+03
6.469634662337662121e+02 2.267090585121803997e+03
6.475785506493506318e+02 2.284004600446990025e+03
6.481936350649350516e+02 2.295734923209423414e+03
6.488087194805194713e+02 2.314135115920093085e+03
6.494238038961038910e+02 2.333218063830624487e+03
6.500388883116883108e+02 2.341973663236149605e+03
6.506539727272727305e+02 2.360732956638882115e+03
6.512690571428571502e+02 2.383847276225800670e+03
6.518841415584415699e+02 2.395602706030116224e+03
6.524992259740259897e+02 2.391749095511213454e+03
6.531143103896104094e+02 2.401005250788812191e+03
6.537293948051948291e+02 2.416516205306614211e+03
6.543444792207792489e+02 2.424468257686701236e+03
6.549595636363636686e+02 2.434893037140990600e+03
6.555746480519480883e+02 2.433877605923397368e+03
6.561897324675323944e+02 2.438479199680599322e+03
6.568048168831169278e+02 2.438065404090097218e+03
6.574199012987012338e+02 2.454023660837563057e+03
6.580349857142857672e+02 2.448384927221725320e+03
6.586500701298700733e+02 2.440788566565225210e+03
6.592651545454546067e+02 2.439712266078712673e+03
6.598802389610389127e+02 2.440261499532149173e+03
6.604953233766234462e+02 2.443430828936680427e+03
6.611104077922077522e+02 2.451147913206306384e+03
6.617254922077922856e+02 2.452920472360945496e+03
6.623405766233765917e+02 2.462331633776504532e+03
6.629556610389610114e+02 2.466598928992802485e+03
6.635707454545454311e+02 2.475631935749063814e+03
6.641858298701298509e+02 2.485838936453703354e+03
6.648009142857142706e+02 2.497496859706384384e+03
6.654159987012986903e+02 2.510881762902417904e+03
6.660310831168831101e+02 2.519093362959858950e+03
6.666461675324675298e+02 2.529786794262306557e+03
6.672612519480519495e+02 2.540383601059005741e+03
6.678763363636363692e+02 2.554034026034205453e+03
6.684914207792207890e+02 2.561612570885270088e+03
6.691065051948052087e+02 2.572412632744047642e+03
6.697215896103896284e+02 2.573874648069227987e+03
6.703366740259739345e+02 2.592231351182456365e+03
6.709517584415584679e+02 2.598805545300302128e+03
6.715668428571427739e+02 2.611734993726789980e+03
6.721819272727273074e+02 2.631658534740983214e+03
6.727970116883116134e+02 2.644685477918542347e+03
6.734120961038961468e+02 2.660201642777142297e+03
6.740271805194804529e+02 2.677894719998804703e+03
6.746422649350649863e+02 2.687019725161059796e+03
6.752573493506492923e+02 2.703904176903178723e+03
6.758724337662338257e+02 2.718844786832453792e+03
6.764875181818181318e+02 2.738035268440615710e+03
6.771026025974026652e+02 2.756326591314224061e+03
6.777176870129869712e+02 2.774775821709178217e+03
6.783327714285715047e+02 2.792882315213834318e+03
6.789478558441558107e+02 2.802806557766373317e+03
6.795629402597402304e+02 2.821865670909535766e+03
6.801780246753246502e+02 2.830147020155079190e+03
6.807931090909090699e+02 2.847517118324685271e+03
6.814081935064934896e+02 2.864166529637706844e+03
6.820232779220779094e+02 2.879724038873746395e+03
6.826383623376623291e+02 2.894020101784892631e+03
6.832534467532467488e+02 2.908772327809557282e+03
6.838685311688311685e+02 2.924971377040765219e+03
6.844836155844155883e+02 2.939696739149384030e+03
6.850987000000000080e+02 2.951659303874642774e+03
6.857137844155844277e+02 2.968858308144015609e+03
6.863288688311688475e+02 2.979411124413469679e+03
6.869439532467531535e+02 3.006621197538615434e+03
6.875590376623376869e+02 3.017247094867513624e+03
6.881741220779219930e+02 3.040686648515204070e+03
6.887892064935065264e+02 3.052036443701882945e+03
6.894042909090908324e+02 3.071101603471352519e+03
6.900193753246753658e+02 3.083869285513975683e+03
6.906344597402596719e+02 3.089592310885354436e+03
6.912495441558442053e+02 3.096544920408803137e+03
6.918646285714285113e+02 3.116094521331153373e+03
6.924797129870130448e+02 3.124917669416106492e+03
6.930947974025973508e+02 3.135295875418159085e+03
6.937098818181818842e+02 3.146608326171530280e+03
6.943249662337661903e+02 3.161762848719778049e+03
6.949400506493507237e+02 3.168132120655204744e+03
6.955551350649350297e+02 3.172914987995976844e+03
6.961702194805194495e+02 3.170917698014303369e+03
6.967853038961038692e+02 3.175851892346121986e+03
6.974003883116882889e+02 3.192019373083681785e+03
6.980154727272727087e+02 3.194823614257126337e+03
6.986305571428571284e+02 3.215099148646092090e+03
6.992456415584415481e+02 3.227188625757512000e+03
6.998607259740259678e+02 3.248018025639780717e+03
7.004758103896103876e+02 3.252880287898388815e+03
7.010908948051948073e+02 3.262307597283836003e+03
7.017059792207792270e+02 3.269370966239473546e+03
7.023210636363636468e+02 3.288823419722955805e+03
7.029361480519480665e+02 3.298253001658677476e+03
7.035512324675323725e+02 3.319572826916886697e+03
7.041663168831169060e+02 3.336069613029113498e+03
7.047814012987012120e+02 3.353753077382708852e+03
7.053964857142857454e+02 3.360572519039340023e+03
7.060115701298700515e+02 3.375673948875988117e+03
7.066266545454545849e+02 3.371302044033065613e+03
7.072417389610388909e+02 3.386298119583847438e+03
7.078568233766234243e+02 3.390043242043568625e+03
7.084719077922077304e+02 3.394467216336606725e+03
7.090869922077922638e+02 3.393522018589389063e+03
7.097020766233765698e+02 3.392576820842171855e+03
7.103171610389611033e+02 3.401741037662303370e+03
7.109322454545454093e+02 3.427719002509080383e+03
7.115473298701299427e+02 3.472052525558011894e+03
7.121624142857142488e+02 3.502696158701693093e+03
7.127774987012986685e+02 3.533293077542994524e+03
7.133925831168830882e+02 3.552676486643310909e+03
7.140076675324675080e+02 3.563674269825742158e+03
7.146227519480519277e+02 3.580401042273073472e+03
7.152378363636363474e+02 3.587879576004762384e+03
7.158529207792207671e+02 3.603873885815069116e+03
7.164680051948051869e+02 3.601653544713718475e+03
7.170830896103896066e+02 3.622133170050485660e+03
7.176981740259740263e+02 3.613610633922401576e+03
7.183132584415584461e+02 3.612306174691227625e+03
7.189283428571428658e+02 3.606803291704424282e+03
7.195434272727272855e+02 3.588294260595703236e+03
7.201585116883115916e+02 3.579634736483700181e+03
7.207735961038961250e+02 3.566411783449159884e+03
7.213886805194804310e+02 3.558588968807697256e+03
7.220037649350649644e+02 3.559984848161767786e+03
7.226188493506492705e+02 3.542251863784013040e+03
7.232339337662338039e+02 3.524605362985921147e+03
7.238490181818181100e+02 3.512127916147943779e+03
7.244641025974026434e+02 3.496165831048082055e+03
7.250791870129869494e+02 3.487088624532844278e+03
7.256942714285714828e+02 3.472712106627905541e+03
7.263093558441557889e+02 3.452190817658459764e+03
7.269244402597403223e+02 3.448892624194400923e+03
7.275395246753246283e+02 3.433574284960788191e+03
7.281546090909091618e+02 3.402624137391238492e+03
7.287696935064934678e+02 3.380010357228061366e+03
7.293847779220778875e+02 3.381833505676111599e+03
7.299998623376623073e+02 3.369082389904254796e+03
7.306149467532467270e+02 3.365456513699025891e+03
7.312300311688311467e+02 3.359432829973504795e+03
7.318451155844155664e+02 3.355556563073837879e+03
7.324601999999999862e+02 3.340064328347244555e+03
7.330752844155844059e+02 3.336356288956587377e+03
7.336903688311688256e+02 3.332070030966428021e+03
7.343054532467532454e+02 3.331878076898343352e+03
7.349205376623376651e+02 3.329194801154969809e+03
7.355356220779220848e+02 3.327345083577919013e+03
7.361507064935065046e+02 3.321269744506526877e+03
7.367657909090908106e+02 3.320729733628776557e+03
7.373808753246753440e+02 3.323689293298793928e+03
7.379959597402596501e+02 3.329565634005164156e+03
7.386110441558441835e+02 3.333075312752305308e+03
7.392261285714284895e+02 3.339502677736525584e+03
7.398412129870130229e+02 3.346723750197157642e+03
7.404562974025973290e+02 3.338125479760865801e+03
7.410713818181818624e+02 3.350337841484395085e+03
7.416864662337661684e+02 3.360880164064513338e+03
7.423015506493507019e+02 3.367429867743908744e+03
7.429166350649350079e+02 3.375332082812166846e+03
7.435317194805195413e+02 3.400853675915959684e+03
7.441468038961038474e+02 3.412513368127839840e+03
7.447618883116883808e+02 3.426533858158328258e+03
7.453769727272726868e+02 3.444561246358116932e+03
7.459920571428571066e+02 3.455404465134082329e+03
7.466071415584415263e+02 3.469467230411194123e+03
7.472222259740259460e+02 3.486681966218195612e+03
7.478373103896103657e+02 3.506759782676837858e+03
7.484523948051947855e+02 3.538388740267551839e+03
7.490674792207792052e+02 3.573231738887238407e+03
7.496825636363636249e+02 3.594684630197248225e+03
7.502976480519480447e+02 3.614571345711988215e+03
7.509127324675324644e+02 3.635325790784010223e+03
7.515278168831168841e+02 3.651679762402193319e+03
7.521429012987013039e+02 3.674927263916082666e+03
7.527579857142857236e+02 3.704383504596125476e+03
7.533730701298700296e+02 3.730431096381792941e+03
7.539881545454545630e+02 3.775824017586001446e+03
7.546032389610388691e+02 3.807522870044123920e+03
7.552183233766234025e+02 3.820275096718841723e+03
7.558334077922077086e+02 3.828904743374589543e+03
7.564484922077922420e+02 3.870652173778916222e+03
7.570635766233765480e+02 3.906216041774956466e+03
7.576786610389610814e+02 3.935517589895606761e+03
7.582937454545453875e+02 3.959409932292132453e+03
7.589088298701299209e+02 3.985762968742656994e+03
7.595239142857142269e+02 4.001239558207811569e+03
7.601389987012987604e+02 4.037621450221177838e+03
7.607540831168830664e+02 4.072022916370616713e+03
7.613691675324675998e+02 4.076331388852160671e+03
7.619842519480519059e+02 4.068732774415352651e+03
7.625993363636363256e+02 4.073743994967568597e+03
7.632144207792207453e+02 4.072751684573061539e+03
7.638295051948051650e+02 4.072900538501277879e+03
7.644445896103895848e+02 4.096584055681137215e+03
7.650596740259740045e+02 4.095117540121752882e+03
7.656747584415584242e+02 4.096168143579503521e+03
7.662898428571428440e+02 4.096950206175906715e+03
7.669049272727272637e+02 4.086789625861931199e+03
7.675200116883116834e+02 4.076091054659586916e+03
7.681350961038961032e+02 4.072598617842838848e+03
7.687501805194805229e+02 4.054513412621715361e+03
7.693652649350649426e+02 4.036484234566804389e+03
7.699803493506492487e+02 4.010593307515767265e+03
7.705954337662337821e+02 3.995928566556289752e+03
7.712105181818180881e+02 3.967869345432348837e+03
7.718256025974026215e+02 3.946967377607235449e+03
7.724406870129869276e+02 3.921282461644092109e+03
7.730557714285714610e+02 3.912697897417480362e+03
7.736708558441557670e+02 3.869716388778308556e+03
7.742859402597403005e+02 3.856876078476489965e+03
7.749010246753246065e+02 3.832459823509701437e+03
7.755161090909091399e+02 3.810852407694435897e+03
7.761311935064934460e+02 3.796214874565979699e+03
7.767462779220779794e+02 3.776368784454471552e+03
7.773613623376622854e+02 3.762705439687075341e+03
7.779764467532468188e+02 3.756784897925500445e+03
7.785915311688311249e+02 3.729590978441392508e+03
7.792066155844155446e+02 3.720247876644016742e+03
7.798216999999999643e+02 3.707966800174203399e+03
7.804367844155843841e+02 3.711623204137773882e+03
7.810518688311688038e+02 3.695330070724759935e+03
7.816669532467532235e+02 3.683406388860111292e+03
7.822820376623376433e+02 3.672188322186710593e+03
7.828971220779220630e+02 3.656323851122225733e+03
7.835122064935064827e+02 3.648661516970093089e+03
7.841272909090909025e+02 3.634450720634743902e+03
7.847423753246753222e+02 3.635603475187631830e+03
7.853574597402597419e+02 3.609481708868810983e+03
7.859725441558441617e+02 3.616407489867855475e+03
7.865876285714284677e+02 3.591102185307734089e+03
7.872027129870130011e+02 3.595448731827608754e+03
7.878177974025973072e+02 3.576666074527010551e+03
7.884328818181818406e+02 3.577082381650503521e+03
7.890479662337661466e+02 3.566184409233319002e+03
7.896630506493506800e+02 3.559090390296676105e+03
7.902781350649349861e+02 3.547706030109548465e+03
7.908932194805195195e+02 3.538267470139026955e+03
7.915083038961038255e+02 3.526585771853828646e+03
7.921233883116883590e+02 3.521516917134735650e+03
7.927384727272726650e+02 3.511110261327308763e+03
7.933535571428571984e+02 3.509851444220690155e+03
7.939686415584415045e+02 3.498160881669496575e+03
7.945837259740259242e+02 3.495688030613811861e+03
7.951988103896103439e+02 3.486258866437561664e+03
7.958138948051947636e+02 3.475754898892045730e+03
7.964289792207791834e+02 3.449505987671973344e+03
7.970440636363636031e+02 3.443312978888752241e+03
7.976591480519480228e+02 3.430825134350797725e+03
7.982742324675324426e+02 3.414342595960333711e+03
7.988893168831168623e+02 3.403930755562111244e+03
7.995044012987012820e+02 3.386841116352750760e+03
8.001194857142857018e+02 3.373009213514370458e+03
8.007345701298701215e+02 3.356735848236664879e+03
8.013496545454545412e+02 3.333217787268917164e+03
8.019647389610389610e+02 3.312664532899966616e+03
8.025798233766233807e+02 3.285861369910282519e+03
8.031949077922076867e+02 3.273730782155415000e+03
8.038099922077922201e+02 3.254360075366074852e+03
8.044250766233765262e+02 3.220365852383365109e+03
8.050401610389610596e+02 3.200428309824846565e+03
8.056552454545453656e+02 3.164475953124158877e+03
8.062703298701298991e+02 3.148517452755492741e+03
8.068854142857142051e+02 3.109980693008933031e+03
8.075004987012987385e+02 3.089463104124101847e+03
8.081155831168830446e+02 3.058898677710975335e+03
8.087306675324675780e+02 3.024960189751235248e+03
8.093457519480518840e+02 2.995186570721653425e+03
8.099608363636364174e+02 2.962151209875746190e+03
8.105759207792207235e+02 2.932527886520038464e+03
8.111910051948051432e+02 2.898824929769682967e+03
8.118060896103895629e+02 2.856204612201458531e+03
8.124211740259739827e+02 2.813584294633234094e+03
8.130362584415584024e+02 2.770963977065009658e+03
8.136513428571428221e+02 2.740485867981429237e+03
8.142664272727272419e+02 2.720285874840456017e+03
8.148815116883116616e+02 2.723611701297596483e+03
8.154965961038960813e+02 2.717781874745243840e+03
8.161116805194805011e+02 2.711590956988075050e+03
8.167267649350649208e+02 2.717592414421043031e+03
8.173418493506493405e+02 2.712924536760820956e+03
8.179569337662337603e+02 2.718169639465704677e+03
8.185720181818181800e+02 2.729979958918090233e+03
8.191871025974025997e+02 2.733811820970279769e+03
8.198021870129869058e+02 2.744051526697937334e+03
8.204172714285714392e+02 2.754757187641530436e+03
8.210323558441557452e+02 2.775142914303521593e+03
8.216474402597402786e+02 2.777693022138474589e+03
8.222625246753245847e+02 2.786134854710032869e+03
8.228776090909091181e+02 2.802579339698793774e+03
8.234926935064934241e+02 2.826217644353443120e+03
8.241077779220779576e+02 2.832921136601710714e+03
8.247228623376622636e+02 2.852168681829324669e+03
8.253379467532467970e+02 2.867093775723681574e+03
8.259530311688311031e+02 2.880796234257351443e+03
8.265681155844156365e+02 2.886213776975401743e+03
8.271831999999999425e+02 2.904546233393716193e+03
8.277982844155843623e+02 2.901558542553389543e+03
8.284133688311687820e+02 2.903806903906096522e+03
8.290284532467532017e+02 2.907746497717519105e+03
8.296435376623376214e+02 2.910185294222049833e+03
8.302586220779220412e+02 2.907563783778970901e+03
8.308737064935064609e+02 2.889909727346522232e+03
8.314887909090908806e+02 2.870662754948431939e+03
8.321038753246753004e+02 2.861921377473297980e+03
8.327189597402597201e+02 2.856338274320507935e+03
8.333340441558441398e+02 2.833302382821078481e+03
8.339491285714285596e+02 2.805140095972429663e+03
8.345642129870129793e+02 2.794949378546230491e+03
8.351792974025973990e+02 2.765196100504876995e+03
8.357943818181818187e+02 2.731402294986209654e+03
8.364094662337661248e+02 2.690314688005101743e+03
8.370245506493506582e+02 2.658090379689143901e+03
8.376396350649349642e+02 2.620081446115116705e+03
8.382547194805194977e+02 2.565105817353831299e+03
8.388698038961038037e+02 2.510095849941178130e+03
8.394848883116883371e+02 2.450015998278988718e+03
8.400999727272726432e+02 2.393242332172747865e+03
8.407150571428571766e+02 2.326098629274229552e+03
8.413301415584414826e+02 2.252716611993511833e+03
8.419452259740260160e+02 2.172539075026232695e+03
8.425603103896103221e+02 2.098538809374837456e+03
8.431753948051948555e+02 2.015899210246566099e+03
8.437904792207791616e+02 1.942936719012485582e+03
8.444055636363635813e+02 1.868260291351596379e+03
8.450206480519480010e+02 1.802342076763718524e+03
8.456357324675324207e+02 1.744436550236448511e+03
8.462508168831168405e+02 1.700954540686293967e+03
8.468659012987012602e+02 1.671029769885578162e+03
8.474809857142856799e+02 1.646587567479862173e+03
8.480960701298700997e+02 1.630950085884959663e+03
8.487111545454545194e+02 1.615030805786293513e+03
8.493262389610389391e+02 1.607921450134968381e+03
8.499413233766233589e+02 1.608267362590819403e+03
8.505564077922077786e+02 1.605011665042006598e+03
8.511714922077921983e+02 1.604233848655528391e+03
8.517865766233766180e+02 1.603893216595852209e+03
8.524016610389610378e+02 1.602116161204128730e+03
8.530167454545453438e+02 1.598839201652008569e+03
8.536318298701298772e+02 1.602893496852129829e+03
8.542469142857141833e+02 1.601538344938856426e+03
8.548619987012987167e+02 1.603298317728877464e+03
8.554770831168830227e+02 1.601723532565751839e+03
8.560921675324675562e+02 1.601482197161550857e+03
8.567072519480518622e+02 1.597931781763682920e+03
8.573223363636363956e+02 1.601040480150679059e+03
8.579374207792207017e+02 1.594678120937646327e+03
8.585525051948052351e+02 1.584483405668070873e+03
8.591675896103895411e+02 1.579579635609766683e+03
8.597826740259740745e+02 1.582829193200628197e+03
8.603977584415583806e+02 1.588438841801389117e+03
8.610128428571428003e+02 1.583925749816590269e+03
8.616279272727272200e+02 1.579637477642098474e+03
8.622430116883116398e+02 1.570610160577911529e+03
8.628580961038960595e+02 1.567179238270883388e+03
8.634731805194804792e+02 1.568725648866159645e+03
8.640882649350648990e+02 1.555926709844810603e+03
8.647033493506493187e+02 1.530725626046016259e+03
8.653184337662337384e+02 1.519865345981225346e+03
8.659335181818181582e+02 1.506612383377454307e+03
8.665486025974025779e+02 1.495376142135826967e+03
8.671636870129869976e+02 1.479945720488561165e+03
8.677787714285714173e+02 1.468057076944569872e+03
8.683938558441558371e+02 1.450357089672809479e+03
8.690089402597402568e+02 1.434139914390591684e+03
8.696240246753245628e+02 1.415720375563908419e+03
8.702391090909090963e+02 1.400278802411887909e+03
8.708541935064934023e+02 1.374527311804250530e+03
8.714692779220779357e+02 1.352653911051372461e+03
8.720843623376622418e+02 1.330106729207472654e+03
8.726994467532467752e+02 1.301888368034635505e+03
8.733145311688310812e+02 1.274396589481988713e+03
8.739296155844156146e+02 1.238297156946267705e+03
8.745446999999999207e+02 1.201711049762158837e+03
8.751597844155844541e+02 1.162736733150425152e+03
8.757748688311687602e+02 1.123873385126511948e+03
8.763899532467532936e+02 1.084703648011427276e+03
8.770050376623375996e+02 1.037344135250205909e+03
8.776201220779220193e+02 9.917704879867011414e+02
8.782352064935064391e+02 9.469965889383203148e+02
8.788502909090908588e+02 9.007076681052333242e+02
8.794653753246752785e+02 8.535483458244269741e+02
8.800804597402596983e+02 8.088306804678128401e+02
8.806955441558441180e+02 7.658454208484173478e+02
8.813106285714285377e+02 7.289454401358344739e+02
8.819257129870129575e+02 6.922265678715667718e+02
8.825407974025973772e+02 6.682292356279575642e+02
8.831558818181817969e+02 6.446207668518403580e+02
8.837709662337662166e+02 6.313921738301428377e+02
8.843860506493506364e+02 6.212035089331958488e+02
8.850011350649350561e+02 6.199190280623682838e+02
8.856162194805194758e+02 6.216908682680036691e+02
8.862313038961037819e+02 6.278339052420781172e+02
8.868463883116883153e+02 6.361669229295067680e+02
8.874614727272726213e+02 6.454053209230028187e+02
8.880765571428571548e+02 6.537066716249231604e+02
8.886916415584414608e+02 6.634631376863692367e+02
8.893067259740259942e+02 6.732819069069737452e+02
8.899218103896103003e+02 6.832383099453687691e+02
8.905368948051948337e+02 6.899921126445797199e+02
8.911519792207791397e+02 6.986689032936151307e+02
8.917670636363636731e+02 7.023058401704442986e+02
8.923821480519479792e+02 7.106698662795306518e+02
8.929972324675325126e+02 7.145029386605530135e+02
8.936123168831168186e+02 7.179832100043739729e+02
8.942274012987012384e+02 7.207708730759188711e+02
8.948424857142856581e+02 7.215514425162383532e+02
8.954575701298700778e+02 7.214718848173851029e+02
8.960726545454544976e+02 7.239545498279984486e+02
8.966877389610389173e+02 7.220459644158760284e+02
8.973028233766233370e+02 7.232319653003283975e+02
8.979179077922077568e+02 7.234961004776851041e+02
8.985329922077921765e+02 7.243489477057028125e+02
8.991480766233765962e+02 7.216461645422176616e+02
8.997631610389610159e+02 7.209748963271759976e+02
9.003782454545454357e+02 7.194321677306893434e+02
9.009933298701298554e+02 7.171066244132512111e+02
9.016084142857142751e+02 7.124248581090872676e+02
9.022234987012986949e+02 7.061004575442703981e+02
9.028385831168830009e+02 7.050863505494962737e+02
9.034536675324675343e+02 6.996391652449406138e+02
9.040687519480518404e+02 6.955876321864933516e+02
9.046838363636363738e+02 6.910336715965466965e+02
9.052989207792206798e+02 6.890508275951626729e+02
9.059140051948052133e+02 6.860828105494617830e+02
9.065290896103895193e+02 6.825214009819574130e+02
9.071441740259740527e+02 6.740442387600684242e+02
9.077592584415583588e+02 6.681350370768634548e+02
9.083743428571428922e+02 6.622040740384959463e+02
9.089894272727271982e+02 6.542074701997739794e+02
9.096045116883117316e+02 6.475794958205524381e+02
9.102195961038960377e+02 6.447089007362533266e+02
9.108346805194804574e+02 6.374119291534831291e+02
9.114497649350648771e+02 6.310670956771147075e+02
9.120648493506492969e+02 6.223073818382414402e+02
9.126799337662337166e+02 6.109552611030883327e+02
9.132950181818181363e+02 5.982235782221497402e+02
9.139101025974025561e+02 5.869607562929644473e+02
9.145251870129869758e+02 5.668862315051600262e+02
9.151402714285713955e+02 5.468117067173556052e+02
9.157553558441558152e+02 5.267371819295511841e+02
9.163704402597402350e+02 5.066626571417468199e+02
9.169855246753246547e+02 4.958886974631726048e+02
9.176006090909090744e+02 4.806291714169495890e+02
9.182156935064934942e+02 4.730205700827403348e+02
9.188307779220779139e+02 4.606564593985783063e+02
9.194458623376623336e+02 4.504760943848837655e+02
9.200609467532467534e+02 4.388264859444451531e+02
9.206760311688311731e+02 4.292674275709992457e+02
9.212911155844155928e+02 4.204640318312620479e+02
9.219062000000000126e+02 4.167693411361339599e+02
9.225212844155844323e+02 4.079849362294123694e+02
9.231363688311687383e+02 4.060214284050700826e+02
9.237514532467531581e+02 4.046771893219471963e+02
9.243665376623375778e+02 4.021948210323612898e+02
9.249816220779219975e+02 4.007342091188505719e+02
9.255967064935064172e+02 4.004573098008602301e+02
9.262117909090908370e+02 4.023857729093889475e+02
9.268268753246752567e+02 4.047619603939595549e+02
9.274419597402596764e+02 4.047776442289393231e+02
9.280570441558440962e+02 4.078669531086859479e+02
9.286721285714285159e+02 4.110844833802372591e+02
9.292872129870129356e+02 4.144858121396691217e+02
9.299022974025973554e+02 4.189941850514559860e+02
9.305173818181817751e+02 4.200916567312481789e+02
9.311324662337661948e+02 4.220088217291822161e+02
9.317475506493506145e+02 4.232544299344953060e+02
9.323626350649350343e+02 4.267778143276445348e+02
9.329777194805194540e+02 4.279239601408335147e+02
9.335928038961038737e+02 4.283325500626536950e+02
9.342078883116882935e+02 4.295042517510449898e+02
9.348229727272727132e+02 4.288571312395832820e+02
9.354380571428571329e+02 4.306933469254842066e+02
9.360531415584415527e+02 4.313497268767394530e+02
9.366682259740259724e+02 4.310995779867213287e+02
9.372833103896103921e+02 4.329956661813102983e+02
9.378983948051948119e+02 4.310108778110670755e+02
9.385134792207792316e+02 4.334031009577915938e+02
9.391285636363636513e+02 4.317805944204837942e+02
9.397436480519479574e+02 4.331425066193021394e+02
9.403587324675323771e+02 4.326803328448868342e+02
9.409738168831167968e+02 4.318848331365233548e+02
9.415889012987012165e+02 4.312007232592289938e+02
9.422039857142856363e+02 4.302661436595560644e+02
9.428190701298700560e+02 4.280582077558647711e+02
9.434341545454544757e+02 4.271993633106280868e+02
9.440492389610388955e+02 4.270030732741950601e+02
9.446643233766233152e+02 4.269721710748895589e+02
9.452794077922077349e+02 4.259962932324681333e+02
9.458944922077921547e+02 4.255348745714941856e+02
9.465095766233765744e+02 4.248874412693328964e+02
9.471246610389609941e+02 4.233090435789628714e+02
9.477397454545454138e+02 4.222206773280760785e+02
9.483548298701298336e+02 4.226650072930032707e+02
9.489699142857142533e+02 4.205853417186388015e+02
9.495849987012986730e+02 4.204707060191465757e+02
9.502000831168830928e+02 4.200232185218600307e+02
9.508151675324675125e+02 4.196242535403687839e+02
9.514302519480519322e+02 4.191893152121533603e+02
9.520453363636363520e+02 4.167936496855591031e+02
9.526604207792207717e+02 4.145345905856589184e+02
9.532755051948051914e+02 4.156642387702753467e+02
9.538905896103896112e+02 4.101553396707208208e+02
9.545056740259740309e+02 4.096573950758778437e+02
9.551207584415584506e+02 4.071972025997335436e+02
9.557358428571428703e+02 4.065018999346869464e+02
9.563509272727271764e+02 4.030173482538713756e+02
9.569660116883115961e+02 4.010065812157266691e+02
9.575810961038960158e+02 3.974167260637010486e+02
9.581961805194804356e+02 3.951649139705371567e+02
9.588112649350648553e+02 3.910033111514670736e+02
9.594263493506492750e+02 3.889200128635776537e+02
9.600414337662336948e+02 3.858044775268962212e+02
9.606565181818181145e+02 3.829021408965998603e+02
9.612716025974025342e+02 3.783465893836731198e+02
9.618866870129869540e+02 3.774487985399547370e+02
9.625017714285713737e+02 3.754287951663555418e+02
9.631168558441557934e+02 3.716525865658088605e+02
9.637319402597402132e+02 3.703627157177712093e+02
9.643470246753246329e+02 3.685899300858969809e+02
9.649621090909090526e+02 3.695122808519593036e+02
9.655771935064934723e+02 3.673309877300428070e+02
9.661922779220778921e+02 3.671734692047313615e+02
9.668073623376623118e+02 3.656574706808520432e+02
9.674224467532467315e+02 3.682884737089084410e+02
9.680375311688311513e+02 3.659791422957612212e+02
9.686526155844155710e+02 3.670002026695168524e+02
9.692676999999999907e+02 3.670492899103679747e+02
9.698827844155844105e+02 3.706270190474853052e+02
9.704978688311688302e+02 3.703623700876868838e+02
9.711129532467532499e+02 3.734066621078188177e+02
9.717280376623376696e+02 3.733722723777783585e+02
9.723431220779220894e+02 3.752875060862170358e+02
9.729582064935063954e+02 3.754663979633884878e+02
9.735732909090908151e+02 3.773103526964016510e+02
9.741883753246752349e+02 3.778097730778854952e+02
9.748034597402596546e+02 3.804718563286409676e+02
9.754185441558440743e+02 3.804591330776045766e+02
9.760336285714284941e+02 3.824220172928548891e+02
9.766487129870129138e+02 3.814943583219737206e+02
9.772637974025973335e+02 3.822840757560037446e+02
9.778788818181817533e+02 3.810411932248310904e+02
9.784939662337661730e+02 3.833587470250986371e+02
9.791090506493505927e+02 3.824798333895701603e+02
9.797241350649350125e+02 3.831306319318382521e+02
9.803392194805194322e+02 3.817226668679352315e+02
9.809543038961038519e+02 3.825913374127075031e+02
9.815693883116882716e+02 3.817623903694482692e+02
9.821844727272726914e+02 3.814775566637242719e+02
9.827995571428571111e+02 3.798799036001425407e+02
9.834146415584415308e+02 3.789074744513831092e+02
9.840297259740259506e+02 3.801190905733579939e+02
9.846448103896103703e+02 3.779948769836977931e+02
9.852598948051947900e+02 3.765880272985416468e+02
9.858749792207792098e+02 3.766189801289175989e+02
9.864900636363636295e+02 3.753980585207077638e+02
9.871051480519480492e+02 3.750913999725118515e+02
9.877202324675324689e+02 3.724945217781606743e+02
9.883353168831168887e+02 3.713104170794771903e+02
9.889504012987013084e+02 3.704933675050760371e+02
9.895654857142856144e+02 3.702102456203701877e+02
9.901805701298700342e+02 3.687939863524680391e+02
9.907956545454544539e+02 3.671600588770969580e+02
9.914107389610388736e+02 3.677499277131567510e+02
9.920258233766232934e+02 3.657178622647274437e+02
9.926409077922077131e+02 3.648543611510854134e+02
9.932559922077921328e+02 3.647052818789530875e+02
9.938710766233765526e+02 3.620593250443249644e+02
9.944861610389609723e+02 3.610742805951182390e+02
9.951012454545453920e+02 3.608806226209148917e+02
9.957163298701298118e+02 3.610015340865564326e+02
9.963314142857142315e+02 3.607643246064558866e+02
9.969464987012986512e+02 3.604984928619990114e+02
9.975615831168830709e+02 3.604018931906557555e+02
9.981766675324674907e+02 3.588144652367732306e+02
9.987917519480519104e+02 3.590492941313059418e+02
9.994068363636363301e+02 3.584307353796129405e+02
1.000021920779220750e+03 3.576763825847171461e+02
1.000637005194805170e+03 3.573599429490166131e+02
1.001252089610389589e+03 3.575325483431007001e+02
1.001867174025974009e+03 3.567778331879556504e+02
1.002482258441558429e+03 3.578563889372260860e+02
1.003097342857142849e+03 3.563804491531229814e+02
1.003712427272727268e+03 3.578345623396817246e+02
1.004327511688311688e+03 3.561980963983199331e+02
1.004942596103896108e+03 3.555389773162311826e+02
1.005557680519480527e+03 3.553937570456411663e+02
1.006172764935064833e+03 3.554249568079403048e+02
1.006787849350649253e+03 3.550939900481391760e+02
1.007402933766233673e+03 3.551958114465044218e+02
1.008018018181818093e+03 3.537306526635234150e+02
1.008633102597402512e+03 3.546997345717295502e+02
1.009248187012986932e+03 3.524917921523018549e+02
1.009863271428571352e+03 3.527766078268689398e+02
1.010478355844155772e+03 3.522670733283740674e+02
1.011093440259740191e+03 3.532935651469824165e+02
1.011708524675324611e+03 3.518148033807793809e+02
1.012323609090909031e+03 3.518918002348668210e+02
1.012938693506493451e+03 3.511856658346243307e+02
1.013553777922077870e+03 3.511316874247962687e+02
1.014168862337662290e+03 3.499888682736499277e+02
1.014783946753246710e+03 3.507441605734636028e+02
1.015399031168831129e+03 3.496768476890955526e+02
1.016014115584415549e+03 3.512958098259272788e+02
1.016629199999999969e+03 3.495599975585937500e+02
